{
  "camera": "|agent_runs_from_explosion|PF0067_01_Clip_1_REC709_2K_1_8",
  "start_frame": 1001,
  "end_frame": 1155,
  "render_width": 960,
  "render_height": 540,
  "K": [
    [
      811.371314372032,
      0,
      480.0
    ],
    [
      0,
      865.4627353301679,
      270.0
    ],
    [
      0,
      0,
      1
    ]
  ],
  "frames": [
    {
      "frame": 1001,
      "R": [
        [
          -0.4132553368000318,
          -0.04027264243393436,
          -0.909724211438654
        ],
        [
          -0.429142731067686,
          -0.8725145966273,
          0.23356967920530095
        ],
        [
          -0.8031541215595296,
          0.4869254490614432,
          0.34328860173074777
        ]
      ],
      "t": [
        102.75987946187487,
        431.07083543333533,
        674.8221216799138
      ]
    },
    {
      "frame": 1002,
      "R": [
        [
          -0.4162065443179086,
          -0.0392304374308195,
          -0.9084234063727836
        ],
        [
          -0.4263603390195913,
          -0.8740064906698184,
          0.2330869270854273
        ],
        [
          -0.803112055555166,
          0.48432801596233793,
          0.34704091859021646
        ]
      ],
      "t": [
        105.34332737769256,
        428.95013966854395,
        675.84250922499
      ]
    },
    {
      "frame": 1003,
      "R": [
        [
          -0.4187520255425139,
          -0.038635025719574,
          -0.9072783894107087
        ],
        [
          -0.4237040105050915,
          -0.8753642292639843,
          0.23283551620612358
        ],
        [
          -0.8031946542314278,
          0.4819178362674687,
          0.35019072874840407
        ]
      ],
      "t": [
        107.59704121036502,
        426.9737012405131,
        676.8114226275675
      ]
    },
    {
      "frame": 1004,
      "R": [
        [
          -0.4207711416750102,
          -0.03659516744210328,
          -0.9064283976428545
        ],
        [
          -0.42012964648994977,
          -0.8777116665088814,
          0.23046325219963318
        ],
        [
          -0.8040166207695822,
          0.4777897280123191,
          0.35394102521772647
        ]
      ],
      "t": [
        109.29381307280147,
        423.83344568741717,
        678.5931222339443
      ]
    },
    {
      "frame": 1005,
      "R": [
        [
          -0.42004233572728755,
          -0.03430515581930125,
          -0.9068558829720289
        ],
        [
          -0.4189918203918506,
          -0.8790729136448509,
          0.22732502488875994
        ],
        [
          -0.8049908637006309,
          0.4754513316630479,
          0.3548742602364203
        ]
      ],
      "t": [
        108.54671942138171,
        422.33117573348926,
        679.744180813279
      ]
    },
    {
      "frame": 1006,
      "R": [
        [
          -0.41946029312505373,
          -0.031532814029148364,
          -0.9072258506738256
        ],
        [
          -0.41488191527003376,
          -0.8822540975676119,
          0.2224875360711868
        ],
        [
          -0.8074193822749811,
          0.46971628560713335,
          0.35698816809822376
        ]
      ],
      "t": [
        107.88860857174532,
        418.22532190715117,
        682.4919763974505
      ]
    },
    {
      "frame": 1007,
      "R": [
        [
          -0.41902841917989586,
          -0.02917280057067187,
          -0.9075043424835285
        ],
        [
          -0.41105677469923824,
          -0.8850977895801275,
          0.21825267662558523
        ],
        [
          -0.8095971293757518,
          0.46448988211503206,
          0.3588894502758564
        ]
      ],
      "t": [
        107.37533117176488,
        414.4598141261565,
        684.9901682083573
      ]
    },
    {
      "frame": 1008,
      "R": [
        [
          -0.41842874826911935,
          -0.02485365675901779,
          -0.9079095100105753
        ],
        [
          -0.4033227341278714,
          -0.890574007681871,
          0.2102586715859035
        ],
        [
          -0.8137863077968048,
          0.4541588186825787,
          0.36261772247821555
        ]
      ],
      "t": [
        106.58539348588549,
        406.9166331177649,
        689.7607059121775
      ]
    },
    {
      "frame": 1009,
      "R": [
        [
          -0.41894687063568115,
          -0.022842661270936128,
          -0.9077233787947907
        ],
        [
          -0.3959995485454119,
          -0.8950084334080368,
          0.20529067606767173
        ],
        [
          -0.8171094645984708,
          0.4454639345160875,
          0.365915298817974
        ]
      ],
      "t": [
        106.90371835083698,
        400.3519331785279,
        693.6960895601339
      ]
    },
    {
      "frame": 1010,
      "R": [
        [
          -0.4218523392942932,
          -0.02085604609998212,
          -0.906424640647532
        ],
        [
          -0.38334875470726965,
          -0.9018746555156811,
          0.19916284292723138
        ],
        [
          -0.8216351599684119,
          0.4314940684175704,
          0.3724627938789796
        ]
      ],
      "t": [
        109.31628498589684,
        389.5244438818791,
        699.6257093764938
      ]
    },
    {
      "frame": 1011,
      "R": [
        [
          -0.4235847163694302,
          -0.019024346745034396,
          -0.905656702227259
        ],
        [
          -0.3740276491485535,
          -0.9069026198988477,
          0.19398699877314582
        ],
        [
          -0.8250329119075408,
          0.4209105751243732,
          0.3770344573349144
        ]
      ],
      "t": [
        110.69455853269035,
        381.3824044498183,
        704.0604529837835
      ]
    },
    {
      "frame": 1012,
      "R": [
        [
          -0.42387640984208685,
          -0.016370290010919192,
          -0.905572085912735
        ],
        [
          -0.36157774666063414,
          -0.9136487156741765,
          0.1857620991126728
        ],
        [
          -0.8304157526800667,
          0.4061748859197065,
          0.381355004882474
        ]
      ],
      "t": [
        110.74758422309628,
        370.1736177244452,
        710.1978358000947
      ]
    },
    {
      "frame": 1013,
      "R": [
        [
          -0.4221881948117645,
          -0.015785248545132306,
          -0.9063707597280222
        ],
        [
          -0.3544311743837303,
          -0.9173830762734301,
          0.18107135055570678
        ],
        [
          -0.8343474520765034,
          0.39769223942071896,
          0.3817135207429524
        ]
      ],
      "t": [
        109.15965556187112,
        363.72094221634666,
        713.968055150829
      ]
    },
    {
      "frame": 1014,
      "R": [
        [
          -0.41788490624055563,
          -0.017225407819320054,
          -0.9083366614101736
        ],
        [
          -0.34323133666866484,
          -0.9227273785252936,
          0.1754036329398026
        ],
        [
          -0.8411685055118052,
          0.3850681371462684,
          0.37968154431014783
        ]
      ],
      "t": [
        105.36665561679166,
        353.96662069832746,
        719.6321848919597
      ]
    },
    {
      "frame": 1015,
      "R": [
        [
          -0.41452290169697426,
          -0.019796263290642855,
          -0.909823538895564
        ],
        [
          -0.3343656600643659,
          -0.9265223173412571,
          0.17249927779068408
        ],
        [
          -0.8463866547497315,
          0.3757186492953396,
          0.37744552882931903
        ]
      ],
      "t": [
        102.45698282580616,
        346.5654720375171,
        723.8693261975048
      ]
    },
    {
      "frame": 1016,
      "R": [
        [
          -0.4094155040802241,
          -0.02506577583774363,
          -0.9120036468679212
        ],
        [
          -0.3194746481197519,
          -0.9323947414994103,
          0.16904435877309895
        ],
        [
          -0.8545846325715766,
          0.3605714255260665,
          0.3737289831771195
        ]
      ],
      "t": [
        98.15490210696166,
        334.4635799633499,
        730.3732913400324
      ]
    },
    {
      "frame": 1017,
      "R": [
        [
          -0.4062270233545593,
          -0.029088471987745473,
          -0.913309074899572
        ],
        [
          -0.3089903550933053,
          -0.9362431501361052,
          0.16725347315537337
        ],
        [
          -0.8599445133006005,
          0.35014657590877624,
          0.3713392107272709
        ]
      ],
      "t": [
        95.45819205944535,
        326.0295056785151,
        734.7952829416857
      ]
    },
    {
      "frame": 1018,
      "R": [
        [
          -0.40231241172732357,
          -0.034264508478242674,
          -0.9148610095686059
        ],
        [
          -0.2934680717223183,
          -0.941739848052601,
          0.1643245248569058
        ],
        [
          -0.867191567215531,
          0.33459229227316045,
          0.3688180902581422
        ]
      ],
      "t": [
        92.18042475544486,
        313.5005347852656,
        740.9273787029866
      ]
    },
    {
      "frame": 1019,
      "R": [
        [
          -0.4000102192445909,
          -0.035707521545811916,
          -0.9158148270283406
        ],
        [
          -0.2841961128568147,
          -0.9451545341475678,
          0.16098284386036557
        ],
        [
          -0.8713348345710568,
          0.3246657966052932,
          0.3679235336013172
        ]
      ],
      "t": [
        90.08389205209316,
        305.57782830682714,
        744.7943159776805
      ]
    },
    {
      "frame": 1020,
      "R": [
        [
          -0.3966604958282096,
          -0.03453554429364441,
          -0.9173155112771509
        ],
        [
          -0.2721668345291602,
          -0.9499355450233945,
          0.1534525154029191
        ],
        [
          -0.8766901763061428,
          0.31053140981460814,
          0.36740247452467734
        ]
      ],
      "t": [
        86.90366552185431,
        294.57878758764446,
        749.9138499707395
      ]
    },
    {
      "frame": 1021,
      "R": [
        [
          -0.39436808204232987,
          -0.03246927015812244,
          -0.9183787684619311
        ],
        [
          -0.26495683920867474,
          -0.9529172060351528,
          0.14746752794668458
        ],
        [
          -0.8799270931291995,
          0.30148722184788623,
          0.3671971756967101
        ]
      ],
      "t": [
        84.59520755272412,
        287.57763342864473,
        753.2253662156762
      ]
    },
    {
      "frame": 1022,
      "R": [
        [
          -0.39070981868811194,
          -0.02949239679945064,
          -0.9200413230457241
        ],
        [
          -0.25432117464777665,
          -0.9571248027941773,
          0.13868255839139212
        ],
        [
          -0.8846844509238747,
          0.2881706272457874,
          0.36645751716439334
        ]
      ],
      "t": [
        81.04543087996896,
        277.30710510329766,
        757.786913604709
      ]
    },
    {
      "frame": 1023,
      "R": [
        [
          -0.38796360592921286,
          -0.029428893546446504,
          -0.9212047441796175
        ],
        [
          -0.24711998966282375,
          -0.9595727618979188,
          0.13472871012759646
        ],
        [
          -0.8879278975138964,
          0.2799179430623052,
          0.3650068409883842
        ]
      ],
      "t": [
        78.4779081429237,
        270.7552806119143,
        760.7323930899153
      ]
    },
    {
      "frame": 1024,
      "R": [
        [
          -0.3821487566953534,
          -0.03025010313294152,
          -0.92360557545775
        ],
        [
          -0.2366035405939968,
          -0.9629461679358111,
          0.12943508889061733
        ],
        [
          -0.8932978743591526,
          0.26799180755796204,
          0.36083139933663794
        ]
      ],
      "t": [
        73.3020282726061,
        261.34266124889524,
        764.8053975494521
      ]
    },
    {
      "frame": 1025,
      "R": [
        [
          -0.3773347384599053,
          -0.031272475419483685,
          -0.9255487709637631
        ],
        [
          -0.22998091953547134,
          -0.9649563869636016,
          0.12636434587244214
        ],
        [
          -0.8970659238879901,
          0.2605402148216071,
          0.35691949324700273
        ]
      ],
      "t": [
        69.04552681051996,
        255.38508414301438,
        767.4356445836813
      ]
    },
    {
      "frame": 1026,
      "R": [
        [
          -0.3701470438450678,
          -0.03213501959688338,
          -0.9284172049505898
        ],
        [
          -0.2199751828000195,
          -0.9679465069028593,
          0.12120428510020181
        ],
        [
          -0.9025530925573607,
          0.24909215220488362,
          0.35121363132014616
        ]
      ],
      "t": [
        62.74950960413962,
        246.32441248813902,
        771.1001261541876
      ]
    },
    {
      "frame": 1027,
      "R": [
        [
          -0.36570392469478574,
          -0.03229256914722938,
          -0.9301708603480879
        ],
        [
          -0.21307894847656353,
          -0.9699502612075832,
          0.11744723283016453
        ],
        [
          -0.9060121418496291,
          0.2411507428170447,
          0.3478337506048473
        ]
      ],
      "t": [
        58.83692894328752,
        239.93468892860596,
        773.5401489051338
      ]
    },
    {
      "frame": 1028,
      "R": [
        [
          -0.35991122461047564,
          -0.031460176587730045,
          -0.9324559869980226
        ],
        [
          -0.20292693901321668,
          -0.9728650496909724,
          0.111149685166031
        ],
        [
          -0.9106506288484699,
          0.2292244585092316,
          0.34376093407924585
        ]
      ],
      "t": [
        53.722517903459355,
        230.43580903696684,
        776.8753288891207
      ]
    },
    {
      "frame": 1029,
      "R": [
        [
          -0.3559801601403143,
          -0.030793859938777358,
          -0.933986008340889
        ],
        [
          -0.19682267034776538,
          -0.9745665377040347,
          0.10714896184632475
        ],
        [
          -0.9135310405364729,
          0.22197252482602717,
          0.34086542241580875
        ]
      ],
      "t": [
        50.24617623447044,
        224.56125841473076,
        778.8888539521951
      ]
    },
    {
      "frame": 1030,
      "R": [
        [
          -0.3497600303964459,
          -0.03036435320084158,
          -0.9363471189637802
        ],
        [
          -0.1890696722040897,
          -0.9766209219325389,
          0.10229483807248703
        ],
        [
          -0.9175623031651395,
          0.21281348852535792,
          0.33584198503455764
        ]
      ],
      "t": [
        44.80181193985108,
        217.2281694098676,
        781.3632823350171
      ]
    },
    {
      "frame": 1031,
      "R": [
        [
          -0.345274502969908,
          -0.031157901968020527,
          -0.9379843829957054
        ],
        [
          -0.18415320366873758,
          -0.9777699993939867,
          0.10026677347767692
        ],
        [
          -0.920257091891947,
          0.2073523894968045,
          0.3318612230926385
        ]
      ],
      "t": [
        40.91183130410133,
        212.75435613104213,
        782.8982262490616
      ]
    },
    {
      "frame": 1032,
      "R": [
        [
          -0.3379822903035019,
          -0.032465401150545393,
          -0.9405923501545893
        ],
        [
          -0.1767855656194512,
          -0.9794252096270344,
          0.09732996730529933
        ],
        [
          -0.9243997161562797,
          0.19917895590441828,
          0.3252889612252709
        ]
      ],
      "t": [
        34.60381596041346,
        206.22093060324397,
        785.086468038011
      ]
    },
    {
      "frame": 1033,
      "R": [
        [
          -0.3330901792982548,
          -0.03189657292020868,
          -0.9423553157334033
        ],
        [
          -0.17238153639705456,
          -0.9805234016729077,
          0.09411941713153817
        ],
        [
          -0.9270035266192073,
          0.1937949106858468,
          0.32110433542357747
        ]
      ],
      "t": [
        30.22890575325084,
        201.9277402492024,
        786.5795987518359
      ]
    },
    {
      "frame": 1034,
      "R": [
        [
          -0.32578139802417927,
          -0.03063105056682728,
          -0.9449487919684243
        ],
        [
          -0.16632128409372363,
          -0.982031159089473,
          0.08917417246490884
        ],
        [
          -0.9307006560429766,
          0.18621638305626867,
          0.3148328882480587
        ]
      ],
      "t": [
        23.70059668980522,
        195.9930577129012,
        788.5708036834033
      ]
    },
    {
      "frame": 1035,
      "R": [
        [
          -0.32037230433256036,
          -0.02759895668196072,
          -0.9468895839572389
        ],
        [
          -0.16373948082631956,
          -0.9829166584861523,
          0.08404894341479623
        ],
        [
          -0.9330332089670618,
          0.18197016255552284,
          0.3103802360076163
        ]
      ],
      "t": [
        18.668062027602282,
        192.72146788407994,
        789.8572671284484
      ]
    },
    {
      "frame": 1036,
      "R": [
        [
          -0.30987500743546237,
          -0.02239677122088964,
          -0.9505134740790113
        ],
        [
          -0.16273098152830978,
          -0.9837212441389678,
          0.07623084336745696
        ],
        [
          -0.9367476220507343,
          0.17830002374806345,
          0.30118597927814456
        ]
      ],
      "t": [
        9.133623578090843,
        190.04472475911174,
        791.0929456650911
      ]
    },
    {
      "frame": 1037,
      "R": [
        [
          -0.3019272261212318,
          -0.020045693334117987,
          -0.9531202024432662
        ],
        [
          -0.16217470150520458,
          -0.9841265758572434,
          0.07207113765714558
        ],
        [
          -0.9394356371345705,
          0.1763322230060403,
          0.2938837028678381
        ]
      ],
      "t": [
        1.9014906244260656,
        188.62636711591952,
        791.9769397885433
      ]
    },
    {
      "frame": 1038,
      "R": [
        [
          -0.28860666795265666,
          -0.016971997685535853,
          -0.9572973114491793
        ],
        [
          -0.15971724628221393,
          -0.9849797689216837,
          0.06561445004732641
        ],
        [
          -0.9440320929149026,
          0.1718336582557349,
          0.281561008375023
        ]
      ],
      "t": [
        -9.965394404949073,
        185.22091986410672,
        793.2821018123756
      ]
    },
    {
      "frame": 1039,
      "R": [
        [
          -0.27938243937807195,
          -0.01562951954449711,
          -0.9600526916195621
        ],
        [
          -0.15650456300855775,
          -0.9857549164903633,
          0.061591934314301364
        ],
        [
          -0.9473393131949386,
          0.16746033182185271,
          0.2729565220716603
        ]
      ],
      "t": [
        -18.27468236741537,
        181.84137543948916,
        794.5321149872103
      ]
    },
    {
      "frame": 1040,
      "R": [
        [
          -0.264110190087089,
          -0.015854062501752704,
          -0.964362201765681
        ],
        [
          -0.1506824212406396,
          -0.9869090422790713,
          0.057492175092483534
        ],
        [
          -0.9526492614919827,
          0.16049670080720302,
          0.25826380623072814
        ]
      ],
      "t": [
        -31.634459794853104,
        176.4506789745002,
        795.9884590938419
      ]
    },
    {
      "frame": 1041,
      "R": [
        [
          -0.2532859871452797,
          -0.016122782967758417,
          -0.9672570829852919
        ],
        [
          -0.14625567267633377,
          -0.9877298927419299,
          0.05476255284415736
        ],
        [
          -0.9562716595852012,
          0.1553374225786905,
          0.2478200924476767
        ]
      ],
      "t": [
        -41.23280020293355,
        172.4766731278847,
        797.1107708134098
      ]
    },
    {
      "frame": 1042,
      "R": [
        [
          -0.23528408232023978,
          -0.017515251257497397,
          -0.9717688081946804
        ],
        [
          -0.1399547399968503,
          -0.9888068278146384,
          0.0517081040028221
        ],
        [
          -0.9617973130338517,
          0.14816974468675906,
          0.23019916463863177
        ]
      ],
      "t": [
        -56.7935491027043,
        166.9839111022898,
        798.0277294938127
      ]
    },
    {
      "frame": 1043,
      "R": [
        [
          -0.22215320674412364,
          -0.017235402932912855,
          -0.9748594224907725
        ],
        [
          -0.1368338197773781,
          -0.9893974452938636,
          0.048674438991202926
        ],
        [
          -0.9653623457015684,
          0.14420692123374804,
          0.2174394291977631
        ]
      ],
      "t": [
        -68.32651814982897,
        163.9510965415103,
        798.4599078478352
      ]
    },
    {
      "frame": 1044,
      "R": [
        [
          -0.20019206828098768,
          -0.01517028732056051,
          -0.979639218375822
        ],
        [
          -0.134362368575863,
          -0.9900080428406659,
          0.04278818787327518
        ],
        [
          -0.9704998143781709,
          0.14019250155912863,
          0.19615344197471904
        ]
      ],
      "t": [
        -87.26122914453202,
        160.71692206878257,
        797.9719554827465
      ]
    },
    {
      "frame": 1045,
      "R": [
        [
          -0.18593064309233864,
          -0.013892346640264801,
          -0.9824646551729461
        ],
        [
          -0.13312831591097601,
          -0.9903233695759135,
          0.03919789757775292
        ],
        [
          -0.9735022585808295,
          0.13808195528973174,
          0.18228199626235164
        ]
      ],
      "t": [
        -99.70280989726427,
        159.00116333983877,
        797.543115957507
      ]
    },
    {
      "frame": 1046,
      "R": [
        [
          -0.1667736226427774,
          -0.014965649679789162,
          -0.9858816298726059
        ],
        [
          -0.1294874469689943,
          -0.9908925218175407,
          0.03694605910684697
        ],
        [
          -0.9774556562156955,
          0.13382092338545792,
          0.16331687174388082
        ]
      ],
      "t": [
        -116.01413810347402,
        155.75271040930707,
        796.6436084820476
      ]
    },
    {
      "frame": 1047,
      "R": [
        [
          -0.15529041948962807,
          -0.01533439499749418,
          -0.9877498377346343
        ],
        [
          -0.1267513514447425,
          -0.9913056066413297,
          0.035316981020423084
        ],
        [
          -0.9797035166424929,
          0.1306830156199586,
          0.15199660820823224
        ]
      ],
      "t": [
        -125.9969227518734,
        153.35208482752947,
        796.2360549346214
      ]
    },
    {
      "frame": 1048,
      "R": [
        [
          -0.13796084437594858,
          -0.014242520813585324,
          -0.9903352745509726
        ],
        [
          -0.12453711044613106,
          -0.9917112676792491,
          0.0316112271154555
        ],
        [
          -0.982576874112557,
          0.12769460505006208,
          0.13504360147857847
        ]
      ],
      "t": [
        -140.78957307042901,
        150.82857211711433,
        794.8573445733555
      ]
    },
    {
      "frame": 1049,
      "R": [
        [
          -0.12650956534493152,
          -0.012995420281678478,
          -0.9918802593700203
        ],
        [
          -0.12387741573360632,
          -0.991879635771834,
          0.028795381787662135
        ],
        [
          -0.9842000384817101,
          0.1265144544818358,
          0.12387242251511735
        ]
      ],
      "t": [
        -150.73688124819574,
        149.71948506257584,
        793.8304090858983
      ]
    },
    {
      "frame": 1050,
      "R": [
        [
          -0.10884183427052996,
          -0.010835813860932611,
          -0.994000020246779
        ],
        [
          -0.1220824872401605,
          -0.9922252683960158,
          0.024184355805156474
        ],
        [
          -0.9865339940528566,
          0.12398226443498145,
          0.10667275511437779
        ]
      ],
      "t": [
        -165.71596987764252,
        147.2652362585576,
        791.8544406187092
      ]
    },
    {
      "frame": 1051,
      "R": [
        [
          -0.09683960924145829,
          -0.009427850688677476,
          -0.9952553469905869
        ],
        [
          -0.12007554578280413,
          -0.9925408097959667,
          0.021085639533304078
        ],
        [
          -0.9880303403169982,
          0.12154775407616025,
          0.09498520985984024
        ]
      ],
      "t": [
        -176.00401526991678,
        145.01004759408903,
        790.5655059490274
      ]
    },
    {
      "frame": 1052,
      "R": [
        [
          -0.07920058313963385,
          -0.007877340751816548,
          -0.9968275754276772
        ],
        [
          -0.11681605576077703,
          -0.9930058530296951,
          0.017128484032821086
        ],
        [
          -0.989990543766372,
          0.11780205155873684,
          0.0777264427445108
        ]
      ],
      "t": [
        -190.76310470710538,
        141.54594937436613,
        788.2352381866386
      ]
    },
    {
      "frame": 1053,
      "R": [
        [
          -0.06794282437832688,
          -0.006977787308485453,
          -0.9976648150054074
        ],
        [
          -0.11546542993414655,
          -0.9932010869201762,
          0.014809977403873046
        ],
        [
          -0.9909851195177548,
          0.11620202848856838,
          0.06667519380941733
        ]
      ],
      "t": [
        -200.29213176847617,
        139.95828536729195,
        786.5751287299681
      ]
    },
    {
      "frame": 1054,
      "R": [
        [
          -0.0522821421475228,
          -0.0066716286902194786,
          -0.998610067535415
        ],
        [
          -0.1151622146746996,
          -0.9932659544105025,
          0.012665232734258364
        ],
        [
          -0.9919698795445785,
          0.11566431247197291,
          0.05116175228333163
        ]
      ],
      "t": [
        -213.2369575881439,
        139.21049372908254,
        783.6761134634802
      ]
    },
    {
      "frame": 1055,
      "R": [
        [
          -0.04315301320700615,
          -0.007165640315374363,
          -0.9990427773874482
        ],
        [
          -0.11526880334322177,
          -0.9932605988488179,
          0.012103129773311516
        ],
        [
          -0.9923965540180887,
          0.11568075195709371,
          0.04203621295578102
        ]
      ],
      "t": [
        -220.8704507375116,
        139.16586114991622,
        781.8964466824311
      ]
    },
    {
      "frame": 1056,
      "R": [
        [
          -0.030724879156045493,
          -0.007301877963546532,
          -0.999501207792693
        ],
        [
          -0.11538565934142747,
          -0.9932620192188326,
          0.010803277080188656
        ],
        [
          -0.9928454720746782,
          0.11566003525649118,
          0.0296753235075336
        ]
      ],
      "t": [
        -231.07392070161418,
        138.92669699811475,
        779.2728426628661
      ]
    },
    {
      "frame": 1057,
      "R": [
        [
          -0.023128618660088307,
          -0.006522914283252759,
          -0.9997112175964264
        ],
        [
          -0.11491867566540691,
          -0.9933328540045616,
          0.009139974751675562
        ],
        [
          -0.9931056162272899,
          0.11509688416462718,
          0.022224812111898282
        ]
      ],
      "t": [
        -237.44118835565789,
        138.1285631741493,
        777.751292682076
      ]
    },
    {
      "frame": 1058,
      "R": [
        [
          -0.01220893305821602,
          -0.006528510018418061,
          -0.9999041556621914
        ],
        [
          -0.11359442458804825,
          -0.9934960050364217,
          0.007873669994407332
        ],
        [
          -0.9934521874031436,
          0.11367966631552923,
          0.011387923880134865
        ]
      ],
      "t": [
        -246.3325463014793,
        136.75614783854067,
        775.4437097754287
      ]
    },
    {
      "frame": 1059,
      "R": [
        [
          -0.0050516481211693165,
          -0.0070809660475817425,
          -0.9999621696699793
        ],
        [
          -0.11188367883266685,
          -0.9936922336758699,
          0.007601785522424183
        ],
        [
          -0.9937084699559163,
          0.11191784778172448,
          0.004227538974176912
        ]
      ],
      "t": [
        -252.18565778456025,
        135.33387432785736,
        774.0035571762226
      ]
    },
    {
      "frame": 1060,
      "R": [
        [
          0.005616236816403886,
          -0.007830884462306028,
          -0.9999535664882444
        ],
        [
          -0.10861380663830318,
          -0.9940581295271664,
          0.007174686647428223
        ],
        [
          -0.9940681560595124,
          0.1085684685785404,
          -0.006433408035492197
        ]
      ],
      "t": [
        -260.73127425716444,
        132.65992709756657,
        771.8042871965308
      ]
    },
    {
      "frame": 1061,
      "R": [
        [
          0.012099996683497816,
          -0.007472637639461222,
          -0.9998988697698223
        ],
        [
          -0.10664170327201704,
          -0.9942785554377327,
          0.006140140055336221
        ],
        [
          -0.9942238868602495,
          0.1065566228977123,
          -0.012827662029076908
        ]
      ],
      "t": [
        -266.00916519076014,
        130.8465118838048,
        770.4668506974431
      ]
    },
    {
      "frame": 1062,
      "R": [
        [
          0.021173608005372158,
          -0.006566326223265681,
          -0.9997542506456094
        ],
        [
          -0.10375613196868701,
          -0.9945933203437841,
          0.004334997857324312
        ],
        [
          -0.9943773646875368,
          0.10363884642090657,
          -0.021740425699891992
        ]
      ],
      "t": [
        -273.29211121781515,
        128.13445831026667,
        768.5140108184548
      ]
    },
    {
      "frame": 1063,
      "R": [
        [
          0.025319133171612496,
          -0.004947749001662582,
          -0.9996671752514706
        ],
        [
          -0.10071482793041665,
          -0.9949125040024502,
          0.0023733551190141173
        ],
        [
          -0.9945931152639175,
          0.10062121624881572,
          -0.02568863387228604
        ]
      ],
      "t": [
        -276.74019768154693,
        125.27294035311074,
        767.8843769327523
      ]
    },
    {
      "frame": 1064,
      "R": [
        [
          0.029245770358024448,
          -0.0037117571726301636,
          -0.9995653594312166
        ],
        [
          -0.09640797250847191,
          -0.9953415175957842,
          0.0008753210425230632
        ],
        [
          -0.9949121507716006,
          0.09634047025426676,
          -0.029467372434870676
        ]
      ],
      "t": [
        -279.97477309667454,
        121.55977475502031,
        767.4338427258451
      ]
    },
    {
      "frame": 1065,
      "R": [
        [
          0.03199120540803402,
          -0.003177466760357795,
          -0.9994830996477767
        ],
        [
          -0.09536270855681431,
          -0.9954425855923891,
          0.00011227576523947128
        ],
        [
          -0.9949283977217902,
          0.09530982370210424,
          -0.03214842006420778
        ]
      ],
      "t": [
        -282.2398683027154,
        120.58993942959958,
        766.8755185342003
      ]
    },
    {
      "frame": 1066,
      "R": [
        [
          0.03630569580642651,
          -0.0033817293523897636,
          -0.9993350090728326
        ],
        [
          -0.09303072305477632,
          -0.9956632384787021,
          -1.0488507982418525e-05
        ],
        [
          -0.9950010959893042,
          0.09296923926057728,
          -0.03646285138867778
        ]
      ],
      "t": [
        -285.6690413161381,
        118.79453007544114,
        765.9976984775952
      ]
    },
    {
      "frame": 1067,
      "R": [
        [
          0.039644974662645716,
          -0.0034717029993690603,
          -0.9992077978390093
        ],
        [
          -0.09105709261662802,
          -0.9958456620065901,
          -0.00015279680390169314
        ],
        [
          -0.9950562204560127,
          0.0909910146165028,
          -0.039796399219707866
        ]
      ],
      "t": [
        -288.3333215650829,
        117.28349245919887,
        765.3406404087561
      ]
    },
    {
      "frame": 1068,
      "R": [
        [
          0.04589846933237429,
          -0.003934227426366219,
          -0.9989383626468167
        ],
        [
          -0.08844149329818499,
          -0.9960813633813921,
          -0.00014066788743246757
        ],
        [
          -0.995023332779756,
          0.08835405694604528,
          -0.04606655885827261
        ]
      ],
      "t": [
        -293.219328307912,
        115.31744105136461,
        763.8879034751411
      ]
    },
    {
      "frame": 1069,
      "R": [
        [
          0.050247743870224904,
          -0.004563624635676154,
          -0.9987263577007154
        ],
        [
          -0.08754491136181514,
          -0.9961605627511957,
          0.00014735628120318776
        ],
        [
          -0.9948924830003516,
          0.08742600613894252,
          -0.05045434292495966
        ]
      ],
      "t": [
        -296.6155362411685,
        114.76534553379717,
        762.7672701500217
      ]
    },
    {
      "frame": 1070,
      "R": [
        [
          0.05580874861414453,
          -0.006514117791549052,
          -0.998420227082525
        ],
        [
          -0.08873264562354624,
          -0.9960542905545585,
          0.0015387879975820404
        ],
        [
          -0.994490774808278,
          0.08850659036056677,
          -0.056166558413147286
        ]
      ],
      "t": [
        -300.8748122651913,
        116.12238556183837,
        761.0067276354561
      ]
    },
    {
      "frame": 1071,
      "R": [
        [
          0.05834721110701757,
          -0.007216843610608849,
          -0.998270264068971
        ],
        [
          -0.08997399562441821,
          -0.9959422231791578,
          0.0019411852909928745
        ],
        [
          -0.9942335153611602,
          0.08970510162335675,
          -0.05875977940166989
        ]
      ],
      "t": [
        -302.8644036404411,
        117.26324163370937,
        760.1684350382003
      ]
    },
    {
      "frame": 1072,
      "R": [
        [
          0.0601341826228079,
          -0.006625298044455268,
          -0.9981683152184853
        ],
        [
          -0.09052876894631166,
          -0.995893169414126,
          0.0011563335819948057
        ],
        [
          -0.9940766681063149,
          0.09029341360315085,
          -0.060487001798222556
        ]
      ],
      "t": [
        -304.34054286942956,
        117.5573965655878,
        759.6740028333628
      ]
    },
    {
      "frame": 1073,
      "R": [
        [
          0.06035633057080769,
          -0.005221817267543854,
          -0.9981632361414902
        ],
        [
          -0.09075429327975834,
          -0.9958732756014875,
          -0.0002778381822233912
        ],
        [
          -0.9940426407409894,
          0.0906043683670289,
          -0.060581158964587906
        ]
      ],
      "t": [
        -304.6496132724193,
        117.41733045820594,
        759.7206897492633
      ]
    },
    {
      "frame": 1074,
      "R": [
        [
          0.0606175188197382,
          -0.004263899094720761,
          -0.9981519601627042
        ],
        [
          -0.09106381362969532,
          -0.9958442413623414,
          -0.0012762416226280526
        ],
        [
          -0.9939984397670627,
          0.09097288667494934,
          -0.06075389395480714
        ]
      ],
      "t": [
        -304.9587904135527,
        117.4439116867122,
        759.7430543145396
      ]
    },
    {
      "frame": 1075,
      "R": [
        [
          0.06149961475955168,
          -0.0037075860742499392,
          -0.9981002210148682
        ],
        [
          -0.09085780373130961,
          -0.9958620652395619,
          -0.001899083441231197
        ],
        [
          -0.9939631064006096,
          0.09080198688517761,
          -0.06158199649373581
        ]
      ],
      "t": [
        -305.7063425324874,
        117.15108003835546,
        759.6252828211016
      ]
    },
    {
      "frame": 1076,
      "R": [
        [
          0.0674643341528991,
          -0.003408153505090439,
          -0.9977158654181015
        ],
        [
          -0.09051319398240092,
          -0.995891546120109,
          -0.002718470452846944
        ],
        [
          -0.9936075308351933,
          0.09048984946492325,
          -0.06749564290682275
        ]
      ],
      "t": [
        -310.30007115966345,
        116.67969282463835,
        757.9288754906189
      ]
    },
    {
      "frame": 1077,
      "R": [
        [
          0.07477811882807961,
          -0.0035583299289830353,
          -0.9971938483728477
        ],
        [
          -0.08983290355178847,
          -0.9959517663374242,
          -0.003182541251797289
        ],
        [
          -0.9931456501359649,
          0.08981880325121717,
          -0.0747950546395315
        ]
      ],
      "t": [
        -315.83900555086433,
        116.0180005565415,
        755.7747148460352
      ]
    },
    {
      "frame": 1078,
      "R": [
        [
          0.08910782226315916,
          -0.004073978585086243,
          -0.9960136538772978
        ],
        [
          -0.08747996841778981,
          -0.9961592138394118,
          -0.0037517740427496587
        ],
        [
          -0.9921728937726225,
          0.08746555539944631,
          -0.08912196969056874
        ]
      ],
      "t": [
        -326.6198126776694,
        114.0019685045676,
        751.4382775148131
      ]
    },
    {
      "frame": 1079,
      "R": [
        [
          0.09909903658877162,
          -0.005987522546352692,
          -0.995059561293159
        ],
        [
          -0.08665060131913066,
          -0.9962352783945508,
          -0.0026350281145952406
        ],
        [
          -0.9912976617738036,
          0.08648363808194331,
          -0.09924477873370002
        ]
      ],
      "t": [
        -333.885670235713,
        113.58781347711084,
        748.139085249579
      ]
    },
    {
      "frame": 1080,
      "R": [
        [
          0.11243126065526643,
          -0.009634218015064538,
          -0.9936127985642624
        ],
        [
          -0.08410309507116567,
