{
  "camera": "|man_running_up_stairs|A001_A002_0101YT_001_1_1",
  "start_frame": 1000,
  "end_frame": 1194,
  "render_width": 960,
  "render_height": 540,
  "K": [
    [
      1169.9531772090154,
      0,
      480.0
    ],
    [
      0,
      1169.9531772090156,
      270.0
    ],
    [
      0,
      0,
      1
    ]
  ],
  "frames": [
    {
      "frame": 1000,
      "R": [
        [
          0.9999920646175269,
          0.002143774068552464,
          0.003357816957342453
        ],
        [
          0.002158722902094033,
          -0.9999877478367322,
          -0.004454670790459839
        ],
        [
          0.0033482260090963436,
          0.004461884037309941,
          -0.9999844403656637
        ]
      ],
      "t": [
        23.995708641455764,
        -53.537621960927076,
        795.5811505399466
      ]
    },
    {
      "frame": 1001,
      "R": [
        [
          0.9999930724647466,
          0.0022387004982232345,
          0.0029737590009257806
        ],
        [
          0.0022520251968515563,
          -0.9999874065273012,
          -0.0044849937919757485
        ],
        [
          0.0029636809931363655,
          0.004491659702222952,
          -0.99998552068922
        ]
      ],
      "t": [
        24.30688676334934,
        -53.442369465212316,
        795.4492370036579
      ]
    },
    {
      "frame": 1002,
      "R": [
        [
          0.9999935348114506,
          0.0024927080291451916,
          0.0025916677992558956
        ],
        [
          0.002504466911941775,
          -0.9999865402838213,
          -0.0045438856367900765
        ],
        [
          0.0025803063359325445,
          0.0045503470059626685,
          -0.9999863180870716
        ]
      ],
      "t": [
        24.625463498296977,
        -53.31534589568428,
        795.3101539799051
      ]
    },
    {
      "frame": 1003,
      "R": [
        [
          0.9999937069554874,
          0.002599183931949758,
          0.0024145998241162933
        ],
        [
          0.002610646593569606,
          -0.9999852810994784,
          -0.004756270467535263
        ],
        [
          0.002402201862086458,
          0.004762544202919327,
          -0.9999857736982707
        ]
      ],
      "t": [
        24.77256022111808,
        -53.060613766235,
        795.166772026579
      ]
    },
    {
      "frame": 1004,
      "R": [
        [
          0.9999938593637856,
          0.0023798040462535116,
          0.0025725021716451694
        ],
        [
          0.0023926869770870243,
          -0.999984554695267,
          -0.005016514720241204
        ],
        [
          0.0025605241165358823,
          0.005022639108093814,
          -0.9999841082800459
        ]
      ],
      "t": [
        24.63491697658133,
        -52.76228063138907,
        795.0076864518436
      ]
    },
    {
      "frame": 1005,
      "R": [
        [
          0.9999934825978671,
          0.0022241917509304336,
          0.0028438939580054065
        ],
        [
          0.0022387416300011574,
          -0.9999843699192555,
          -0.005123275622458956
        ],
        [
          0.002832454360335998,
          0.005129608975806582,
          -0.999982832009656
        ]
      ],
      "t": [
        24.410880769174877,
        -52.56545220411267,
        794.8076365812393
      ]
    },
    {
      "frame": 1006,
      "R": [
        [
          0.9999932743219155,
          0.0019644902871819806,
          0.0030971097567990854
        ],
        [
          0.001980310492746967,
          -0.9999849662048064,
          -0.005113290009815187
        ],
        [
          0.003087018186925483,
          0.005119388858421277,
          -0.999982130928563
        ]
      ],
      "t": [
        24.19565127863748,
        -52.44086223922213,
        794.5564436497981
      ]
    },
    {
      "frame": 1007,
      "R": [
        [
          0.99999277471958,
          0.001991733073148438,
          0.003237824578377607
        ],
        [
          0.0020083733947299587,
          -0.9999847514439122,
          -0.005144250768020134
        ],
        [
          0.0032275292318366864,
          0.005150716360105853,
          -0.999981526417381
        ]
      ],
      "t": [
        24.08625392698365,
        -52.24840175662932,
        794.2518426589561
      ]
    },
    {
      "frame": 1008,
      "R": [
        [
          0.9999927577170649,
          0.002074936817783024,
          0.0031904781180858706
        ],
        [
          0.0020923768971299675,
          -0.9999828355902428,
          -0.005472703519961345
        ],
        [
          0.0031790678413857526,
          0.005479339567798779,
          -0.9999799349814777
        ]
      ],
      "t": [
        24.129482624177605,
        -51.78643636272721,
        793.8980541616717
      ]
    },
    {
      "frame": 1009,
      "R": [
        [
          0.9999925934937357,
          0.0022139897500852964,
          0.003148206959249676
        ],
        [
          0.0022322619030215396,
          -0.9999806165099435,
          -0.005812367090104748
        ],
        [
          0.003135277414850161,
          0.005819351663229111,
          -0.9999781523522161
        ]
      ],
      "t": [
        24.17190611667132,
        -51.27858043850629,
        793.4787673959323
      ]
    },
    {
      "frame": 1010,
      "R": [
        [
          0.9999926129569003,
          0.002132271401935365,
          0.0031980385080789433
        ],
        [
          0.00215085888832516,
          -0.9999807504101291,
          -0.005820018491161671
        ],
        [
          0.0031855670881618327,
          0.005826854027984498,
          -0.9999779497241243
        ]
      ],
      "t": [
        24.129127925258246,
        -51.000929769909206,
        792.9743084898593
      ]
    },
    {
      "frame": 1011,
      "R": [
        [
          0.9999927544295755,
          0.002003907071507233,
          0.0032365791817156454
        ],
        [
          0.002022552449288636,
          -0.9999813203262582,
          -0.005767866168997356
        ],
        [
          0.00322496045566893,
          0.00577437052866823,
          -0.9999781278983342
        ]
      ],
      "t": [
        24.093047836463807,
        -50.7296186777447,
        792.3936981581077
      ]
    },
    {
      "frame": 1012,
      "R": [
        [
          0.9999929265373313,
          0.0019580270480227123,
          0.003211386831666398
        ],
        [
          0.0019774410424242862,
          -0.999979723018949,
          -0.006053369133809163
        ],
        [
          0.0031994690539408,
          0.006059676643652614,
          -0.9999765215827555
        ]
      ],
      "t": [
        24.11234565638245,
        -50.14394261028908,
        791.7546545463902
      ]
    },
    {
      "frame": 1013,
      "R": [
        [
          0.9999931648155085,
          0.0020930996960354486,
          0.0030478280668761308
        ],
        [
          0.0021125919538625922,
          -0.9999772475846661,
          -0.006406345934407061
        ],
        [
          0.0030343496006980824,
          0.00641274096290116,
          -0.9999748344212684
        ]
      ],
      "t": [
        24.25121868605986,
        -49.453875130504585,
        791.0416272584051
      ]
    },
    {
      "frame": 1014,
      "R": [
        [
          0.9999935829495472,
          0.0021473655693720925,
          0.0028675565972631424
        ],
        [
          0.002166114041409431,
          -0.9999761951453991,
          -0.006551113835845975
        ],
        [
          0.0028534206992031517,
          0.006557283251627901,
          -0.9999744296864153
        ]
      ],
      "t": [
        24.398864679975965,
        -48.88317242177325,
        790.2451046303252
      ]
    },
    {
      "frame": 1015,
      "R": [
        [
          0.9999933960709564,
          0.0023674591728834044,
          0.0027573450165020302
        ],
        [
          0.0023854481323773917,
          -0.9999757746012569,
          -0.006539101453879211
        ],
        [
          0.0027417971630001314,
          0.006545635773637075,
          -0.9999748182832585
        ]
      ],
      "t": [
        24.50007090499847,
        -48.38337197809253,
        789.3718967657068
      ]
    },
    {
      "frame": 1016,
      "R": [
        [
          0.9999936273092613,
          0.0022528751100247884,
          0.0027694574567414367
        ],
        [
          0.0022713849855288785,
          -0.9999749838150521,
          -0.006698697958073738
        ],
        [
          0.0027542968455821757,
          0.006704945773428413,
          -0.9999737284304333
        ]
      ],
      "t": [
        24.48702003351138,
        -47.708042539084296,
        788.4415030714592
      ]
    },
    {
      "frame": 1017,
      "R": [
        [
          0.9999932562992084,
          0.002202974516605333,
          0.0029384110306157007
        ],
        [
          0.0022234097220262122,
          -0.9999732411271468,
          -0.006969467617903217
        ],
        [
          0.0029229788424919956,
          0.006975953909551517,
          -0.9999713957217666
        ]
      ],
      "t": [
        24.354401167970934,
        -46.89444448252743,
        787.4539587847544
      ]
    },
    {
      "frame": 1018,
      "R": [
        [
          0.9999927773665174,
          0.0021144447716676335,
          0.003158217552091969
        ],
        [
          0.0021373778609927886,
          -0.9999712470171083,
          -0.007275764903331563
        ],
        [
          0.0031427425408569933,
          0.0072824626574244005,
          -0.9999685439587412
        ]
      ],
      "t": [
        24.180587757816316,
        -46.00520950503666,
        786.4053280217145
      ]
    },
    {
      "frame": 1019,
      "R": [
        [
          0.9999925566109749,
          0.001934019285579894,
          0.0033386063034397573
        ],
        [
          0.001959292475791864,
          -0.9999693262677859,
          -0.00758338292222003
        ],
        [
          0.003323837487102526,
          0.007589867782361118,
          -0.9999656724165115
        ]
      ],
      "t": [
        24.034022199763644,
        -45.06890796448173,
        785.2942449203106
      ]
    },
    {
      "frame": 1020,
      "R": [
        [
          0.9999924729195253,
          0.0019601828792179827,
          0.003348400718619634
        ],
        [
          0.001986030306879809,
          -0.9999681235794101,
          -0.007733531450336052
        ],
        [
          0.0033331348476451812,
          0.007740123264729484,
          -0.9999644897214772
        ]
      ],
      "t": [
        24.032650488995706,
        -44.20237129220348,
        784.1130968704207
      ]
    },
    {
      "frame": 1021,
      "R": [
        [
          0.9999922818470532,
          0.002032833504490154,
          0.0033621175271522177
        ],
        [
          0.0020590741171919867,
          -0.9999673047086826,
          -0.00781982911786114
        ],
        [
          0.003346111191110048,
          0.007826691612403085,
          -0.9999637725629369
        ]
      ],
      "t": [
        24.030927662866436,
        -43.33625299256773,
        782.8732959914373
      ]
    },
    {
      "frame": 1022,
      "R": [
        [
          0.9999927348555064,
          0.0019657047611037325,
          0.00326592115593177
        ],
        [
          0.0019917419135947897,
          -0.999966109087711,
          -0.007988344016976909
        ],
        [
          0.0032501077450168255,
          0.0079947908525562,
          -0.9999627593660024
        ]
      ],
      "t": [
        24.10863714072071,
        -42.36141855879207,
        781.5815031347698
      ]
    },
    {
      "frame": 1023,
      "R": [
        [
          0.9999927065379604,
          0.00218779537707135,
          0.003130562612802097
        ],
        [
          0.0022135951947088246,
          -0.9999634216714477,
          -0.008261677519974225
        ],
        [
          0.003112373242169239,
          0.008268547062099563,
          -0.9999609713695247
        ]
      ],
      "t": [
        24.2310069297321,
        -41.249347041342396,
        780.2435353002778
      ]
    },
    {
      "frame": 1024,
      "R": [
        [
          0.9999932520724282,
          0.0018273492282838769,
          0.0031869427994632004
        ],
        [
          0.0018548627965580852,
          -0.9999608527083305,
          -0.008651735943383703
        ],
        [
          0.0031710082962844387,
          0.008657588903729268,
          -0.9999574945270217
        ]
      ],
      "t": [
        24.17655827120373,
        -40.01450556707937,
        778.8691944089463
      ]
    },
    {
      "frame": 1025,
      "R": [
        [
          0.9999936976934067,
          0.0018739951156234859,
          0.0030154130354277794
        ],
        [
          0.0019007399303295296,
          -0.9999586670439742,
          -0.008891084936943695
        ],
        [
          0.00299862654974896,
          0.00889676041856334,
          -0.9999559269752192
        ]
      ],
      "t": [
        24.319206226005978,
        -38.838911826031826,
        777.4420963826366
      ]
    },
    {
      "frame": 1026,
      "R": [
        [
          0.9999939539729474,
          0.0018149359728329643,
          0.002966146484159206
        ],
        [
          0.001842162144966306,
          -0.99995596235876,
          -0.009202161800232096
        ],
        [
          0.0029493145275854013,
          0.009207570286482452,
          -0.9999532600043048
        ]
      ],
      "t": [
        24.362245475873472,
        -37.56247337434704,
        775.9848989236204
      ]
    },
    {
      "frame": 1027,
      "R": [
        [
          0.999993556527838,
          0.0019324342394438862,
          0.0030253265469620673
        ],
        [
          0.0019610784340732454,
          -0.9999530082248156,
          -0.009493972483480202
        ],
        [
          0.003006837904001698,
          0.009499844211980177,
          -0.9999503547105562
        ]
      ],
      "t": [
        24.329593043375557,
        -36.24769808522502,
        774.4992126440025
      ]
    },
    {
      "frame": 1028,
      "R": [
        [
          0.9999934782426434,
          0.0021095170022355,
          0.002931451892335383
        ],
        [
          0.0021375129917067977,
          -0.9999518249623854,
          -0.009580124874154864
        ],
        [
          0.0029111012332246372,
          0.009586328411408985,
          -0.9999498126392136
        ]
      ],
      "t": [
        24.418255939510516,
        -35.04070593535561,
        772.9776990821993
      ]
    },
    {
      "frame": 1029,
      "R": [
        [
          0.9999934472819949,
          0.0017682481502140788,
          0.0031589067018761856
        ],
        [
          0.0017987257800565542,
          -0.999951612046429,
          -0.009671512359297987
        ],
        [
          0.003141652215006259,
          0.009677130991526273,
          -0.99994824023903
        ]
      ],
      "t": [
        24.237722710042192,
        -33.79188103137014,
        771.4448637648367
      ]
    },
    {
      "frame": 1030,
      "R": [
        [
          0.9999932757424677,
          0.0017599936185638283,
          0.0032172802661852296
        ],
        [
          0.0017919670899126281,
          -0.9999487691673232,
          -0.009962323760244599
        ],
        [
          0.003199581815994141,
          0.00996802203136996,
          -0.9999451991049234
        ]
      ],
      "t": [
        24.202881358842532,
        -32.32780020583367,
        769.8990853557958
      ]
    },
    {
      "frame": 1031,
      "R": [
        [
          0.9999928596365446,
          0.0015913889426959198,
          0.0034275584836690794
        ],
        [
          0.0016267502670959649,
          -0.9999452298654837,
          -0.010338808095379952
        ],
        [
          0.003410917690946224,
          0.01034431005421125,
          -0.9999406786854947
        ]
      ],
      "t": [
        24.04613626963028,
        -30.748608421312433,
        768.3469755120851
      ]
    },
    {
      "frame": 1032,
      "R": [
        [
          0.9999928381071761,
          0.0013851273901973903,
          0.003522095465459644
        ],
        [
          0.0014218956772741101,
          -0.9999442991633662,
          -0.010458335592543076
        ],
        [
          0.0035074131547104086,
          0.010463268743381347,
          -0.9999391071761149
        ]
      ],
      "t": [
        23.97859702473502,
        -29.31319844012535,
        766.7738776064446
      ]
    },
    {
      "frame": 1033,
      "R": [
        [
          0.9999926759677964,
          0.0014703869921112835,
          0.003533549611894322
        ],
        [
          0.0015073098249869196,
          -0.9999440585584441,
          -0.01046937298782907
        ],
        [
          0.003517957910178359,
          0.01047462246385124,
          -0.999938951264717
        ]
      ],
      "t": [
        23.986773415283984,
        -27.897246955130722,
        765.1874624810004
      ]
    },
    {
      "frame": 1034,
      "R": [
        [
          0.9999926152132634,
          0.0012527808761536193,
          0.003633188546490068
        ],
        [
          0.0012916697664953323,
          -0.9999416912666569,
          -0.010721271192938656
        ],
        [
          0.0036195452963493553,
          0.01072588489843854,
          -0.9999359250896996
        ]
      ],
      "t": [
        23.917837526357104,
        -26.249017142206508,
        763.6030861352948
      ]
    },
    {
      "frame": 1035,
      "R": [
        [
          0.9999927326912819,
          0.0017190984010654784,
          0.003402831954449648
        ],
        [
          0.0017561719749372058,
          -0.9999388101428396,
          -0.010922079935457707
        ],
        [
          0.0033838476054950596,
          0.010927976519444847,
          -0.999934562311241
        ]
      ],
      "t": [
        24.12457977045276,
        -24.56623047010311,
        762.0039360340749
      ]
    },
    {
      "frame": 1036,
      "R": [
        [
          0.9999930293059385,
          0.0016697903715338527,
          0.0033396316634268287
        ],
        [
          0.0017067936904909219,
          -0.9999368467848088,
          -0.011108073521203628
        ],
        [
          0.003320872600737733,
          0.011113696152473056,
          -0.9999327265186394
        ]
      ],
      "t": [
        24.186760710115426,
        -22.85392198193472,
        760.4056415093461
      ]
    },
    {
      "frame": 1037,
      "R": [
        [
          0.999993352161207,
          0.0015966607736034265,
          0.003278156153419808
        ],
        [
          0.0016337163909245658,
          -0.9999344515592123,
          -0.011332411734981193
        ],
        [
          0.0032598472581077255,
          0.011337691976374697,
          -0.9999304126470514
        ]
      ],
      "t": [
        24.247703999625944,
        -21.06029864288211,
        758.8087228555712
      ]
    },
    {
      "frame": 1038,
      "R": [
        [
          0.9999936808583116,
          0.0017949324110516783,
          0.0030686252760990162
        ],
        [
          0.0018298374802717143,
          -0.9999332282945933,
          -0.011410111618586944
        ],
        [
          0.003047939999598158,
          0.011415654602018141,
          -0.999930194009445
        ]
      ],
      "t": [
        24.42916346322592,
        -19.320207650707083,
        757.2100431227058
      ]
    },
    {
      "frame": 1039,
      "R": [
        [
          0.9999940493417165,
          0.0015522102048304784,
          0.003080896725987561
        ],
        [
          0.0015873729698186075,
          -0.9999332585461228,
          -0.01144371881810145
        ],
        [
          0.0030629280453301545,
          0.011448541252627205,
          -0.9999297722215177
        ]
      ],
      "t": [
        24.43095520625902,
        -17.57748930442975,
        755.6264562552941
      ]
    },
    {
      "frame": 1040,
      "R": [
        [
          0.9999941713272851,
          0.0016808046932569158,
          0.0029719029323966354
        ],
        [
          0.0017153149342002034,
          -0.9999306884274699,
          -0.011648005650851674
        ],
        [
          0.00295211892256595,
          0.011653035507921664,
          -0.9999277432681413
        ]
      ],
      "t": [
        24.53489357863216,
        -15.65193727677001,
        754.058485696652
      ]
    },
    {
      "frame": 1041,
      "R": [
        [
          0.9999939897936734,
          0.001889421790134147,
          0.0029069678068073144
        ],
        [
          0.0019240652119567761,
          -0.9999266123975613,
          -0.011961094941426519
        ],
        [
          0.002884154917993411,
          0.011966616248407384,
          -0.9999242380030461
        ]
      ],
      "t": [
        24.607427231773713,
        -13.602517406590351,
        752.5136818191216
      ]
    },
    {
      "frame": 1042,
      "R": [
        [
          0.9999941802054575,
          0.0015362243452344778,
          0.0030462386604107826
        ],
        [
          0.0015733474672718043,
          -0.9999240728599783,
          -0.012221828539943703
        ],
        [
          0.0030272318976751317,
          0.012226550203293492,
          -0.9999206705219988
        ]
      ],
      "t": [
        24.51471540277831,
        -11.571807257416905,
        750.9983750298406
      ]
    },
    {
      "frame": 1043,
      "R": [
        [
          0.9999940697384087,
          0.0016172337068578718,
          0.0030405662551819396
        ],
        [
          0.0016542548441670832,
          -0.9999240512833666,
          -0.012212907351218674
        ],
        [
          0.003020584202649897,
          0.012217864796939936,
          -0.9999207967888648
        ]
      ],
      "t": [
        24.541207550545543,
        -9.699583496019136,
        749.5061048538385
      ]
    },
    {
      "frame": 1044,
      "R": [
        [
          0.9999942223671348,
          0.0013964100244602939,
          0.003099237227611667
        ],
        [
          0.0014343530509871825,
          -0.9999236375753753,
          -0.012274430714074221
        ],
        [
          0.0030818604242488024,
          0.012278805197293083,
          -0.9999198633286831
        ]
      ],
      "t": [
        24.51477460161922,
        -7.753278965013076,
        748.0501726056106
      ]
    },
    {
      "frame": 1045,
      "R": [
        [
          0.9999942766148138,
          0.001073854837720851,
          0.0032083599241304905
        ],
        [
          0.001113887167032085,
          -0.9999212279725141,
          -0.01250188407074881
        ],
        [
          0.0031946819864243636,
          0.012505386268597428,
          -0.9999167011912936
        ]
      ],
      "t": [
        24.450786121113243,
        -5.659559041637439,
        746.6342150354915
      ]
    },
    {
      "frame": 1046,
      "R": [
        [
          0.9999943151492201,
          0.0013001965733835474,
          0.0031111345378713132
        ],
        [
          0.001339598247085901,
          -0.9999185008873156,
          -0.012696340409722968
        ],
        [
          0.0030943732448718026,
          0.012700435903295497,
          -0.9999145582408967
        ]
      ],
      "t": [
        24.549868079240692,
        -3.5526160365162567,
        745.2546546213466
      ]
    },
    {
      "frame": 1047,
      "R": [
        [
          0.9999943787492211,
          0.0013367007016494414,
          0.003075012389111472
        ],
        [
          0.0013760343354051305,
          -0.9999168092165923,
          -0.012825021466517268
        ],
        [
          0.003057613361228871,
          0.012829180696484603,
          -0.9999130277795115
        ]
      ],
      "t": [
        24.600842179253473,
        -1.478740483319663,
        743.9242315428139
      ]
    },
    {
      "frame": 1048,
      "R": [
        [
          0.9999948697110193,
          0.001035243219595901,
          0.0030313071632242852
        ],
        [
          0.0010743149435389777,
          -0.9999160044384131,
          -0.01291626553309203
        ],
        [
          0.003017681070561134,
          0.012919455847501201,
          -0.999911986757615
        ]
      ],
      "t": [
        24.65476358934717,
        0.5772864021754263,
        742.6488619402869
      ]
    },
    {
      "frame": 1049,
      "R": [
        [
          0.999995114486558,
          0.0013075430732658712,
          0.0028392488667747656
        ],
        [
          0.001344404236123969,
          -0.999914334317442,
          -0.013019854214106924
        ],
        [
          0.0028219816203900547,
          0.013023607703638048,
          -0.9999112070889674
        ]
      ],
      "t": [
        24.824414308004947,
        2.675086051534008,
        741.4329062575496
      ]
    },
    {
      "frame": 1050,
      "R": [
        [
          0.9999956789100479,
          0.0008376903383529769,
          0.002817877947870544
        ],
        [
          0.0008750242993146993,
          -0.9999115146964885,
          -0.013273925939595428
        ],
        [
          0.0028065091675734564,
          0.013276334293444506,
          -0.9999079269882909
        ]
      ],
      "t": [
        24.86313368356256,
        4.879774843327985,
        740.2918773897677
      ]
    },
    {
      "frame": 1051,
      "R": [
        [
          0.9999961321196091,
          0.0008163159917303535,
          0.002658829445940029
        ],
        [
          0.0008520529912087366,
          -0.9999089448226564,
          -0.013467593301781761
        ],
        [
          0.002647593533970937,
          0.013469806674324247,
          -0.9999057728389387
        ]
      ],
      "t": [
        25.00746798692147,
        7.065205827858828,
        739.2246758726669
      ]
    },
    {
      "frame": 1052,
      "R": [
        [
          0.9999964729387416,
          0.0009169404489579231,
          0.002492655268908246
        ],
        [
          0.0009506653697032855,
          -0.999907574890295,
          -0.013562371192532327
        ],
        [
          0.0024799889982413453,
          0.013564693038261081,
          -0.9999049198585566
        ]
      ],
      "t": [
        25.157603224629277,
        9.192807489213981,
        738.2389776307011
      ]
    },
    {
      "frame": 1053,
      "R": [
        [
          0.999996582984179,
          0.0009889776775562852,
          0.002419905601159688
        ],
        [
          0.001021583709701285,
          -0.9999082117252863,
          -0.013510162510631595
        ],
        [
          0.0024063222330564155,
          0.013512588482333717,
          -0.9999058053465926
        ]
      ],
      "t": [
        25.238814507334755,
        11.221816505001113,
        737.3384119863703
      ]
    },
    {
      "frame": 1054,
      "R": [
        [
          0.9999960233603375,
          0.0015706681606582314,
          0.0023422777461952187
        ],
        [
          0.0016018068699942527,
          -0.9999095734872757,
          -0.013352118305571477
        ],
        [
          0.002321094195086895,
          0.013355817085593536,
          -0.999908113114257
        ]
      ],
      "t": [
        25.3221011704071,
        13.195922357490188,
        736.5168083895629
      ]
    },
    {
      "frame": 1055,
      "R": [
        [
          0.9999955874248703,
          0.001825107528904833,
          0.0023439524945407316
        ],
        [
          0.001856114949486113,
          -0.9999098900689998,
          -0.013295359321785214
        ],
        [
          0.002319475820745495,
          0.01329965130027962,
          -0.9999088655008557
        ]
      ],
      "t": [
        25.346809783030082,
        15.243670502148644,
        735.7674549859667
      ]
    },
    {
      "frame": 1056,
      "R": [
        [
          0.9999954999739928,
          0.001924894494196875,
          0.002301046055584303
        ],
        [
          0.001955585867527391,
          -0.9999081559622868,
          -0.013411015025484366
        ],
        [
          0.002275019929239448,
          0.013415454568714801,
          -0.9999074206460498
        ]
      ],
      "t": [
        25.404877950739515,
        17.420165535121097,
        735.0774619054446
      ]
    },
    {
      "frame": 1057,
      "R": [
        [
          0.9999958445253798,
          0.001808630885918969,
          0.0022449468347033098
        ],
        [
          0.0018384994149260206,
          -0.9999088631265175,
          -0.013374803211136392
        ],
        [
          0.002220552155086911,
          0.013378874965923241,
          -0.9999080331974399
        ]
      ],
      "t": [
        25.47466011080336,
        19.48348430629208,
        734.4454643904018
      ]
    },
    {
      "frame": 1058,
      "R": [
        [
          0.9999962565231888,
          0.001549101591915501,
          0.0022554875009453824
        ],
        [
          0.001578950281340814,
          -0.9999104011676145,
          -0.01329272556060011
        ],
        [
          0.002234693629572016,
          0.013296237102214468,
          -0.9999091039806087
        ]
      ],
      "t": [
        25.49797421931108,
        21.51162834065465,
        733.8661974375792
      ]
    },
    {
      "frame": 1059,
      "R": [
        [
          0.9999966611612687,
          0.0013163424748092326,
          0.0022237150905721893
        ],
        [
          0.0013456749292194282,
          -0.9999114265747754,
          -0.013241154186172293
        ],
        [
          0.002206088234839137,
          0.01324410237374121,
          -0.9999098594008432
        ]
      ],
      "t": [
        25.553337042718294,
        23.562723887374446,
        733.3310591536234
      ]
    },
    {
      "frame": 1060,
      "R": [
        [
          0.9999965133697941,
          0.0014752101790406916,
          0.002190206196416264
        ],
        [
          0.0015040977441179632,
          -0.9999111247883715,
          -0.013246894520240327
        ],
        [
          0.00217046958774011,
          0.013250142617417474,
          -0.999909857328343
        ]
      ],
      "t": [
        25.604887198062986,
        25.663307625072722,
        732.8370592285762
      ]
    },
    {
      "frame": 1061,
      "R": [
        [
          0.9999971230520504,
          0.0011976068074837853,
          0.002078370890230056
        ],
        [
          0.0012251726373930449,
          -0.9999106275842432,
          -0.013312993506082662
        ],
        [
          0.0020622414095518857,
          0.01331550156843859,
          -0.9999092181685044
        ]
      ],
      "t": [
        25.721155144922378,
        27.78964687727165,
        732.3796558823806
      ]
    },
    {
      "frame": 1062,
      "R": [
        [
          0.999997169488996,
          0.0012378535331203078,
          0.0020319283026428076
        ],
        [
          0.001264689578947684,
          -0.9999112896766215,
          -0.013259462187608931
        ],
        [
          0.002015334777509791,
          0.013261994415104821,
          -0.9999100249171764
        ]
      ],
      "t": [
        25.784292252309363,
        29.827130188433717,
        731.9648528385779
      ]
    },
    {
      "frame": 1063,
      "R": [
        [
          0.9999973600972591,
          0.001147638912195645,
          0.0019906590466612774
        ],
        [
          0.0011737912116534033,
          -0.9999123657221904,
          -0.013186473753204433
        ],
        [
          0.001975351286299534,
          0.013188775560290598,
          -0.9999110731392647
        ]
      ],
      "t": [
        25.846360296503505,
        31.833950626576797,
        731.5864749817036
      ]
    },
    {
      "frame": 1064,
      "R": [
        [
          0.999997640005778,
          0.0009215698010764684,
          0.001967407425206602
        ],
        [
          0.0009473963986765996,
          -0.9999128637486075,
          -0.013166903588994206
        ],
        [
          0.0019551017719773053,
          0.013168736429887529,
          -0.9999113770519372
        ]
      ],
      "t": [
        25.898857473054694,
        33.86095878987704,
        731.2405040570374
      ]
    },
    {
      "frame": 1065,
      "R": [
        [
          0.9999976064618925,
          0.0011020592505018958,
          0.0018901153124042502
        ],
        [
          0.0011267710281130177,
          -0.9999132499988925,
          -0.013123370897079064
        ],
        [
          0.0018754886126039127,
          0.01312546921296439,
          -0.9999120984368594
        ]
      ],
      "t": [
        25.98104984165782,
        35.864950884237416,
        730.9260984170343
      ]
    },
    {
      "frame": 1066,
      "R": [
        [
          0.9999977097971582,
          0.0010827768708237759,
          0.0018460754823598443
        ],
        [
          0.0011068294884992594,
          -0.9999138640654984,
          -0.013078202402756832
        ],
        [
          0.0018317556938493536,
          0.013080215741802395,
          -0.9999127725092953
        ]
      ],
      "t": [
        26.04375026508788,
        37.8452620905687,
        730.6450272998914
      ]
    },
    {
      "frame": 1067,
      "R": [
        [
          0.9999979288472394,
          0.0009840296230411206,
          0.0017815686719408008
        ],
        [
          0.0010070851166940936,
          -0.9999151606857513,
          -0.012986809090590707
        ],
        [
          0.001768638120022466,
          0.01298857638421872,
          -0.9999140807102936
        ]
      ],
      "t": [
        26.12382750482368,
        39.772887556121816,
        730.3989117774423
      ]
    },
    {
      "frame": 1068,
      "R": [
        [
          0.9999976760323934,
          0.0013093384440543412,
          0.0017127646223023694
        ],
        [
          0.0013312414499150147,
          -0.9999165480136271,
          -0.012850089677279967
        ],
        [
          0.0016957965722684402,
          0.01285233991734697,
          -0.9999159672855686
        ]
      ],
      "t": [
        26.193711639239734,
        41.66311749012094,
        730.1906816061344
      ]
    },
    {
      "frame": 1069,
      "R": [
        [
          0.9999977172600882,
          0.0013320639133069774,
          0.0016706526698266227
        ],
        [
          0.0013532692365018258,
          -0.999917715567502,
          -0.012756596593186672
        ],
        [
          0.001653522599141387,
          0.012758828316056991,
          -0.9999172356565394
        ]
      ],
      "t": [
        26.253178635264245,
        43.56165947522691,
        730.0211616496371
      ]
    },
    {
      "frame": 1070,
      "R": [
        [
          0.9999978345277079,
          0.0013146523086826143,
          0.001613266624559583
        ],
        [
          0.0013350534443565415,
          -0.9999183255573034,
          -0.012710619456926172
        ],
        [
          0.0015964248166932674,
          0.01271274572959522,
          -0.999917915392968
        ]
      ],
      "t": [
        26.32522420772926,
        45.479639429995274,
        729.8921965643094
      ]
    },
    {
      "frame": 1071,
      "R": [
        [
          0.9999976084477602,
          0.0015305790709703455,
          0.0015621864380529898
        ],
        [
          0.0015499724964808637,
          -0.9999208017689202,
          -0.012489506597937686
        ],
        [
          0.0015429465382449299,
          0.012491898074643557,
          -0.9999207827615509
        ]
      ],
      "t": [
        26.383921483661567,
        47.26257393096373,
        729.8173356873068
      ]
    },
    {
      "frame": 1072,
      "R": [
        [
          0.9999981754501872,
          0.0011643215254296588,
          0.0015144146333793402
        ],
        [
          0.0011829092141546623,
          -0.9999232655313136,
          -0.012331414151869552
        ],
        [
          0.0014999406946410673,
          0.012333183067614117,
          -0.9999228184081675
        ]
      ],
      "t": [
        26.46280278897614,
        49.06186805968923,
        729.7873855520586
      ]
    },
    {
      "frame": 1073,
      "R": [
        [
          0.9999984294083697,
          0.0009749008442255632,
          0.0014801179473284218
        ],
        [
          0.0009929331167198563,
          -0.9999246989029921,
          -0.012231541504899843
        ],
        [
          0.0014680819526839803,
          0.012232991952269682,
          -0.9999240964409628
        ]
      ],
      "t": [
        26.525920009265583,
        50.894359844095554,
        729.8013154258622
      ]
    },
    {
      "frame": 1074,
      "R": [
        [
          0.9999986658362199,
          0.0008093969483342707,
          0.0014188736239299415
        ],
        [
          0.0008266204713396491,
          -0.9999254719707252,
          -0.012180607649803884
        ],
        [
          0.0014089089314143523,
          0.012181764268861762,
          -0.9999248069704645
        ]
      ],
      "t": [
        26.608451293141663,
        52.74800370801552,
        729.8550298805575
      ]
    },
    {
      "frame": 1075,
      "R": [
        [
          0.9999989126457012,
          0.0005260147314560313,
          0.0013776849848964744
        ],
        [
          0.0005424972799983007,
          -0.9999279579239001,
          -0.011991024094724002
        ],
        [
          0.0013712782782908817,
          0.011991758446589406,
          -0.9999271560094977
        ]
      ],
      "t": [
        26.682352210853228,
        54.480518605903406,
        729.9546389036532
      ]
    },
    {
      "frame": 1076,
      "R": [
        [
          0.999999056825136,
          0.00034738969713983135,
          0.0013287848724618052
        ],
        [
          0.0003629991650803607,
          -0.9999307237726379,
          -0.01176502813997286
        ],
        [
          0.0013246057696964786,
          0.01176549939129311,
          -0.9999299067652833
        ]
      ],
      "t": [
        26.757894509421757,
        56.17100888828522,
        730.088206084534
      ]
    },
    {
      "frame": 1077,
      "R": [
        [
          0.9999989916676852,
          0.0004950005008326422,
          0.0013310289691679735
        ],
        [
          0.0005105362738684679,
          -0.9999314561781808,
          -0.011697106398416477
        ],
        [
          0.0013251476618299657,
          0.011697774142416562,
          -0.9999307006306923
        ]
      ],
      "t": [
        26.780464570362117,
        57.96603909366729,
        730.2403570875957
      ]
    },
    {
      "frame": 1078,
      "R": [
        [
          0.9999989542857637,
          0.0005538514899325075,
          0.0013359176269973395
        ],
        [
          0.0005693954461681108,
          -0.9999318200346843,
          -0.011663235869619893
        ],
        [
          0.0013293668436160425,
