{
  "camera": "|post_apocalyptic_drone_attack|PF0003_04_Clip_4_REC709_2K_1000_1_1",
  "start_frame": 1001,
  "end_frame": 1114,
  "render_width": 960,
  "render_height": 540,
  "K": [
    [
      1004.8877430484333,
      0,
      480.0
    ],
    [
      0,
      1071.8802592516627,
      270.0
    ],
    [
      0,
      0,
      1
    ]
  ],
  "frames": [
    {
      "frame": 1001,
      "R": [
        [
          0.9988045929886502,
          -0.004337462990089295,
          0.04868851445244576
        ],
        [
          0.005569905999699986,
          -0.979468783248564,
          -0.20151892910774483
        ],
        [
          0.048562960905724435,
          0.20154922241573492,
          -0.9782737601365384
        ]
      ],
      "t": [
        88.5339152836323,
        147.2120451092357,
        359.9503765446347
      ]
    },
    {
      "frame": 1002,
      "R": [
        [
          0.9987803207757107,
          -0.004598407786140577,
          0.04916020216599323
        ],
        [
          0.005398652992849576,
          -0.9795134145263242,
          -0.20130654561847644
        ],
        [
          0.049078767069189504,
          0.2013264150796245,
          -0.9782938971567567
        ]
      ],
      "t": [
        88.3190296954545,
        147.28785463324667,
        360.65692684882026
      ]
    },
    {
      "frame": 1003,
      "R": [
        [
          0.9987722448071286,
          -0.003976668958318095,
          0.04937802250926274
        ],
        [
          0.006054649479774972,
          -0.9795002346660442,
          -0.20135200895159053
        ],
        [
          0.04916649491886084,
          0.20140376459530315,
          -0.9782735708298744
        ]
      ],
      "t": [
        88.13191985608275,
        147.55267793842452,
        361.30361146915664
      ]
    },
    {
      "frame": 1004,
      "R": [
        [
          0.9987702892151096,
          -0.003982465307682525,
          0.04941709573861151
        ],
        [
          0.0060605573471941565,
          -0.97948506023925,
          -0.2014256349443996
        ],
        [
          0.04920547759962668,
          0.20147743481141075,
          -0.9782564409376545
        ]
      ],
      "t": [
        88.04644275589747,
        147.7722331223344,
        361.9856349148249
      ]
    },
    {
      "frame": 1005,
      "R": [
        [
          0.9987706385743025,
          -0.003991878750442073,
          0.049409274695358094
        ],
        [
          0.00605177899903713,
          -0.9794768008637728,
          -0.20146605803612683
        ],
        [
          0.04919946638761845,
          0.20151739744674904,
          -0.9782485118994367
        ]
      ],
      "t": [
        87.96345610615442,
        147.99506451251256,
        362.7161291626194
      ]
    },
    {
      "frame": 1006,
      "R": [
        [
          0.9987641852406162,
          -0.003595579857990535,
          0.04956989092314503
        ],
        [
          0.006479435283514465,
          -0.9794472580960315,
          -0.20159634303868965
        ],
        [
          0.04927594949926823,
          0.20166839220277225,
          -0.9782135453914421
        ]
      ],
      "t": [
        87.76530362928465,
        148.31658121267822,
        363.4878279502331
      ]
    },
    {
      "frame": 1007,
      "R": [
        [
          0.9987460046946695,
          -0.003829313390402288,
          0.04991747655273498
        ],
        [
          0.006328525650572567,
          -0.9794156633325595,
          -0.20175457412889597
        ],
        [
          0.04966253990207111,
          0.20181747887088552,
          -0.9781632467807583
        ]
      ],
      "t": [
        87.51350214550736,
        148.60884777344785,
        364.33938256471833
      ]
    },
    {
      "frame": 1008,
      "R": [
        [
          0.9987036695106948,
          -0.003606139390995434,
          0.05077377536254025
        ],
        [
          0.006738868692638509,
          -0.9793401216260531,
          -0.20210767878091826
        ],
        [
          0.05045362380063859,
          0.20218783823998962,
          -0.9780462718671461
        ]
      ],
      "t": [
        87.009249435645,
        149.05262633710785,
        365.2450283253569
      ]
    },
    {
      "frame": 1009,
      "R": [
        [
          0.9986523618146013,
          -0.004306190180111697,
          0.05171959945950809
        ],
        [
          0.006271515859583102,
          -0.9792357016792144,
          -0.2026280055807665
        ],
        [
          0.05151823299514686,
          0.2026792966312762,
          -0.9778890399151169
        ]
      ],
      "t": [
        86.53339253107649,
        149.47965441137833,
        366.2093339020865
      ]
    },
    {
      "frame": 1010,
      "R": [
        [
          0.99860469255337,
          -0.0034577905404152313,
          0.05269451294934335
        ],
        [
          0.007332448429210296,
          -0.9791088299068605,
          -0.20320466136004753
        ],
        [
          0.05229630207216253,
          0.2033075081815653,
          -0.9777173179946134
        ]
      ],
      "t": [
        85.95307044737791,
        150.09694990577916,
        367.1834762668911
      ]
    },
    {
      "frame": 1011,
      "R": [
        [
          0.9986064927030951,
          -0.0034891490518304405,
          0.05265831909695985
        ],
        [
          0.007305427477511996,
          -0.9790658983196808,
          -0.20341238280116525
        ],
        [
          0.05226570061325064,
          0.20351361769270154,
          -0.977676073120865
        ]
      ],
      "t": [
        85.857602830088,
        150.46915675938857,
        368.2127720469604
      ]
    },
    {
      "frame": 1012,
      "R": [
        [
          0.9986384543109237,
          -0.003357207404009157,
          0.052057340788167254
        ],
        [
          0.007312651858092117,
          -0.9790638172486426,
          -0.20342213959478062
        ],
        [
          0.05165038910106348,
          0.20352584826739512,
          -0.9777062270399762
        ]
      ],
      "t": [
        85.9865326844547,
        150.7850669850337,
        369.2954242896174
      ]
    },
    {
      "frame": 1013,
      "R": [
        [
          0.9986697617379678,
          -0.0032106567213105526,
          0.051462594898128634
        ],
        [
          0.007328779381705206,
          -0.9790882545000454,
          -0.20330390771657172
        ],
        [
          0.051039161268630624,
          0.2034106230841248,
          -0.9777623036472223
        ]
      ],
      "t": [
        86.10088348057015,
        151.0803768054323,
        370.48783426558845
      ]
    },
    {
      "frame": 1014,
      "R": [
        [
          0.9986849391412227,
          -0.0030417247758950396,
          0.05117753650655102
        ],
        [
          0.007433930801664087,
          -0.9790967744375144,
          -0.20325905381776072
        ],
        [
          0.05072601901714471,
          0.20337220605688225,
          -0.9777865906209953
        ]
      ],
      "t": [
        86.05960479455042,
        151.44810558506612,
        371.7949692362855
      ]
    },
    {
      "frame": 1015,
      "R": [
        [
          0.9986629567936502,
          -0.003092066759492879,
          0.051601723336716525
        ],
        [
          0.007477667351719755,
          -0.979070272467474,
          -0.20338506843286983
        ],
        [
          0.05115059353654872,
          0.20349899433073612,
          -0.9777380917644755
        ]
      ],
      "t": [
        85.72526585745895,
        151.90707200324337,
        373.2378408896043
      ]
    },
    {
      "frame": 1016,
      "R": [
        [
          0.9986187589815554,
          -0.0025218572671624703,
          0.05248061019140613
        ],
        [
          0.008227012932573033,
          -0.9790213749343627,
          -0.20359141357099805
        ],
        [
          0.05189306763283067,
          0.20374196341832465,
          -0.9776483631010183
        ]
      ],
      "t": [
        85.16556801314897,
        152.4902706272877,
        374.77123902520697
      ]
    },
    {
      "frame": 1017,
      "R": [
        [
          0.9985628146496841,
          -0.003424904461139211,
          0.05348434563807297
        ],
        [
          0.007564969605989819,
          -0.978956757043946,
          -0.203927533876278
        ],
        [
          0.05305729387898742,
          0.20403905966121358,
          -0.9775239054359779
        ]
      ],
      "t": [
        84.70986662479673,
        152.9754776907527,
        376.4009617545148
      ]
    },
    {
      "frame": 1018,
      "R": [
        [
          0.9985272506954648,
          -0.0029682308060094017,
          0.05417120290744174
        ],
        [
          0.008180621323304126,
          -0.9788477710473986,
          -0.20442631569908887
        ],
        [
          0.05363214570872277,
          0.20456840108242758,
          -0.9773818917011186
        ]
      ],
      "t": [
        84.35926822032023,
        153.6438706615517,
        377.995434108754
      ]
    },
    {
      "frame": 1019,
      "R": [
        [
          0.9985019621076281,
          -0.002292811103655349,
          0.054667857873337763
        ],
        [
          0.008959789536305546,
          -0.9787836635831116,
          -0.2047004203080376
        ],
        [
          0.05397734560611158,
          0.20488358382277744,
          -0.9772968654616945
        ]
      ],
      "t": [
        84.10639744845868,
        154.25392170716694,
        379.6925747604514
      ]
    },
    {
      "frame": 1020,
      "R": [
        [
          0.9985200526240574,
          -0.003220427787805328,
          0.05428934842594024
        ],
        [
          0.007992938047195305,
          -0.9787151587454822,
          -0.20506767415460517
        ],
        [
          0.053794213899110994,
          0.20519811618694053,
          -0.9772409711347082
        ]
      ],
      "t": [
        84.27504154003356,
        154.7720671759824,
        381.5021276693973
      ]
    },
    {
      "frame": 1021,
      "R": [
        [
          0.9985364134955665,
          -0.001867710689069659,
          0.05405129582344475
        ],
        [
          0.009285957029354827,
          -0.9786416269084592,
          -0.20536391378237143
        ],
        [
          0.05328040845808689,
          0.20556526394005925,
          -0.9771919567494368
        ]
      ],
      "t": [
        84.1325120293189,
        155.57821539442477,
        383.4641688054897
      ]
    },
    {
      "frame": 1022,
      "R": [
        [
          0.998559244018401,
          -0.0028951069728842807,
          0.053582222247820464
        ],
        [
          0.008188428399385508,
          -0.9786278879913114,
          -0.20547604844850761
        ],
        [
          0.053031932132889585,
          0.20561876179298652,
          -0.9771942176317724
        ]
      ],
      "t": [
        84.1986035317647,
        156.12640628552782,
        385.67319848549585
      ]
    },
    {
      "frame": 1023,
      "R": [
        [
          0.9985574890523281,
          -0.0019870820722064112,
          0.05365624439287239
        ],
        [
          0.009100773898441947,
          -0.9785919756978128,
          -0.20560865987185703
        ],
        [
          0.05291613149086744,
          0.20580038047751448,
          -0.9771622620749083
        ]
      ],
      "t": [
        83.8800050913925,
        156.9394205882688,
        388.0267310543322
      ]
    },
    {
      "frame": 1024,
      "R": [
        [
          0.9985427361568731,
          -0.0020765699707239304,
          0.053926727376154934
        ],
        [
          0.009078763231340749,
          -0.9785541089230404,
          -0.20578977615038016
        ],
        [
          0.0531975575241449,
          0.20597947414000026,
          -0.977109244714466
        ]
      ],
      "t": [
        83.55812191466804,
        157.70917676143623,
        390.5631956417694
      ]
    },
    {
      "frame": 1025,
      "R": [
        [
          0.9985327373314954,
          -0.0030248679717071554,
          0.05406683503798237
        ],
        [
          0.008196612164901288,
          -0.9784918534796896,
          -0.20612255631759435
        ],
        [
          0.053527451146947486,
          0.20626328526336285,
          -0.977031355242029
        ]
      ],
      "t": [
        83.36779556867072,
        158.48257649260654,
        393.2390273252125
      ]
    },
    {
      "frame": 1026,
      "R": [
        [
          0.998506837103065,
          -0.0017558931914641016,
          0.05459865472275023
        ],
        [
          0.009575126271086922,
          -0.9783837250810573,
          -0.20657590240249862
        ],
        [
          0.053781160412607935,
          0.20679023994283216,
          -0.9769060259047742
        ]
      ],
      "t": [
        82.86284450454185,
        159.57513248802604,
        396.0176947214157
      ]
    },
    {
      "frame": 1027,
      "R": [
        [
          0.9985048586421061,
          -0.003310394545025291,
          0.05456270297614599
        ],
        [
          0.008059737904658155,
          -0.978339156088443,
          -0.2068514836520688
        ],
        [
          0.05406558880669923,
          0.2069819725292759,
          -0.9768497198417345
        ]
      ],
      "t": [
        82.82008794030567,
        160.32928880417148,
        399.0103841865475
      ]
    },
    {
      "frame": 1028,
      "R": [
        [
          0.9985056562596444,
          -0.0021163203018709346,
          0.054607468407511774
        ],
        [
          0.00925241944186713,
          -0.9782770569012512,
          -0.20709512953012196
        ],
        [
          0.053859513105571855,
          0.20729090942201445,
          -0.9767955936218308
        ]
      ],
      "t": [
        82.55959312025645,
        161.3894495714072,
        402.1043060395295
      ]
    },
    {
      "frame": 1029,
      "R": [
        [
          0.9985151949311963,
          -0.0026451844666035176,
          0.054409636009185754
        ],
        [
          0.008703214429745362,
          -0.9782433457260652,
          -0.20727809966628027
        ],
        [
          0.05377415317886759,
          0.207443870822476,
          -0.9767678234401888
        ]
      ],
      "t": [
        82.55544564184854,
        162.27494667697889,
        405.3915766495683
      ]
    },
    {
      "frame": 1030,
      "R": [
        [
          0.9985318640862064,
          -0.002911608648022806,
          0.054089175808165545
        ],
        [
          0.008391359118873709,
          -0.9781848004660713,
          -0.20756705236932688
        ],
        [
          0.05351356367000779,
          0.2077161974238732,
          -0.9767242598764007
        ]
      ],
      "t": [
        82.60595629756332,
        163.2624767974208,
        408.799800753618
      ]
    },
    {
      "frame": 1031,
      "R": [
        [
          0.9985564403865406,
          -0.001767138871349069,
          0.05368344794041099
        ],
        [
          0.009449850443939856,
          -0.9780892317246913,
          -0.2079715247594979
        ],
        [
          0.052874716917905296,
          0.20817860601995722,
          -0.9766606024133659
        ]
      ],
      "t": [
        82.59824384447316,
        164.4802050957143,
        412.2991791618572
      ]
    },
    {
      "frame": 1032,
      "R": [
        [
          0.9985876679683929,
          -0.0029309929440244644,
          0.053047890267274814
        ],
        [
          0.008198907268190803,
          -0.9780145312102663,
          -0.20837551358346051
        ],
        [
          0.052492354691463024,
          0.20851615290409842,
          -0.9766092190211091
        ]
      ],
      "t": [
        82.85822879413365,
        165.5034798526331,
        416.0086790601601
      ]
    },
    {
      "frame": 1033,
      "R": [
        [
          0.9986026187526238,
          -0.0018646413587420558,
          0.0528141357309276
        ],
        [
          0.009226413076394692,
          -0.9778771486809736,
          -0.20897644697264922
        ],
        [
          0.05203540258463759,
          0.20917171223703268,
          -0.9764934775397544
        ]
      ],
      "t": [
        82.75249676029833,
        166.8998796483085,
        419.8111223565589
      ]
    },
    {
      "frame": 1034,
      "R": [
        [
          0.9985791309421597,
          -0.002960315054033571,
          0.05320672684522081
        ],
        [
          0.008275336463240624,
          -0.9777286883051022,
          -0.2097096346656611
        ],
        [
          0.05264254983586224,
          0.2098519683013856,
          -0.976314966261817
        ]
      ],
      "t": [
        82.50835321388325,
        168.19340163770445,
        423.8423018189244
      ]
    },
    {
      "frame": 1035,
      "R": [
        [
          0.9985382660756961,
          -0.0020169454801800104,
          0.05401169422886331
        ],
        [
          0.009404202931303212,
          -0.9775776547940368,
          -0.21036513450336206
        ],
        [
          0.05322492038292882,
          0.21056557358295916,
          -0.976129728607786
        ]
      ],
      "t": [
        81.92145508176542,
        169.71429217503166,
        428.007293071207
      ]
    },
    {
      "frame": 1036,
      "R": [
        [
          0.998523378108146,
          -0.0025380306790060204,
          0.0542643692653782
        ],
        [
          0.008967751475038192,
          -0.9775019424493593,
          -0.21073569213878146
        ],
        [
          0.0535783800145063,
          0.2109111445798959,
          -0.9760357812534433
        ]
      ],
      "t": [
        81.71550488623643,
        170.9799672529296,
        432.36059417190404
      ]
    },
    {
      "frame": 1037,
      "R": [
        [
          0.998528506615673,
          -0.002283730299357218,
          0.054181233391211975
        ],
        [
          0.009204570944898982,
          -0.9774782356631064,
          -0.21083542083497303
        ],
        [
          0.05344246766003145,
          0.2110238929146646,
          -0.9760188621484457
        ]
      ],
      "t": [
        81.62363539802986,
        172.23269552519557,
        436.86736197133763
      ]
    },
    {
      "frame": 1038,
      "R": [
        [
          0.9985478423086314,
          -0.0021544179444698015,
          0.053829035883039736
        ],
        [
          0.009253115176049332,
          -0.9774916541052467,
          -0.21077107489911137
        ],
        [
          0.05307152231014104,
          0.21096308833042002,
          -0.9760522470041118
        ]
      ],
      "t": [
        81.66422189435649,
        173.43673932311447,
        441.5523623678577
      ]
    },
    {
      "frame": 1039,
      "R": [
        [
          0.9985869020274396,
          -0.0026541640290914273,
          0.053076873613165605
        ],
        [
          0.008607824820273132,
          -0.9774853688601406,
          -0.2108275575351056
        ],
        [
          0.052441438301259136,
          0.21098651397106272,
          -0.9760812396881899
        ]
      ],
      "t": [
        81.92034752903793,
        174.6756714671694,
        446.38315290530494
      ]
    },
    {
      "frame": 1040,
      "R": [
        [
          0.9985977534442985,
          -0.0012291796120935555,
          0.05292462501975542
        ],
        [
          0.009992826805065285,
          -0.9773815325088632,
          -0.21124744571963475
        ],
        [
          0.05198721216265089,
          0.211480091328019,
          -0.9759987196423201
        ]
      ],
      "t": [
        81.70819327905858,
        176.35744692625317,
        451.3306457305236
      ]
    },
    {
      "frame": 1041,
      "R": [
        [
          0.9986071206421347,
          -0.0024750215604378554,
          0.05270382216784981
        ],
        [
          0.008759511416572798,
          -0.9772598727990635,
          -0.21186413565419887
        ],
        [
          0.05202969885140504,
          0.21203069420495077,
          -0.9758769877153568
        ]
      ],
      "t": [
        81.68916086784954,
        177.91592817352878,
        456.4779749178122
      ]
    },
    {
      "frame": 1042,
      "R": [
        [
          0.9985866040894216,
          -0.002060554427833343,
          0.05310883399781086
        ],
        [
          0.00928180292414337,
          -0.9771313570145825,
          -0.21243389389011696
        ],
        [
          0.05233203863442029,
          0.2126265864239231,
          -0.9757311578903666
        ]
      ],
      "t": [
        81.20430444807228,
        179.6996730794192,
        461.8048907422195
      ]
    },
    {
      "frame": 1043,
      "R": [
        [
          0.9985595486589882,
          -0.0017888260842658119,
          0.05362488119518545
        ],
        [
          0.009671978070590757,
          -0.977070320223627,
          -0.21269706668945973
        ],
        [
          0.05277575790227474,
          0.21290934558947563,
          -0.9756455964839393
        ]
      ],
      "t": [
        80.6573083175384,
        181.37906152064357,
        467.37121483651146
      ]
    },
    {
      "frame": 1044,
      "R": [
        [
          0.998550940552358,
          -0.0018888151719899473,
          0.05378151633458563
        ],
        [
          0.009605633975952854,
          -0.9770788048079309,
          -0.21266109421101273
        ],
        [
          0.05295045720219289,
          0.21286954120388213,
          -0.9756448162675427
        ]
      ],
      "t": [
        80.30686754820994,
        182.918558194792,
        473.15790550403017
      ]
    },
    {
      "frame": 1045,
      "R": [
        [
          0.998528899241947,
          -0.0021730194597591366,
          0.05417855078436019
        ],
        [
          0.009405867926282367,
          -0.9771063223722163,
          -0.21254355889745427
        ],
        [
          0.05340006579789317,
          0.21274048219995578,
          -0.9756484613866363
        ]
      ],
      "t": [
        79.83468461097667,
        184.45715273486118,
        479.17642189147875
      ]
    },
    {
      "frame": 1046,
      "R": [
        [
          0.9985229925295342,
          -0.0017759743501396929,
          0.0543017431117171
        ],
        [
          0.009818295956136354,
          -0.9771117423368256,
          -0.21249998600473144
        ],
        [
          0.05343626534836606,
          0.21271927252273354,
          -0.9756511039521344
        ]
      ],
      "t": [
        79.4295481105086,
        186.14988986276828,
        485.3341662056574
      ]
    },
    {
      "frame": 1047,
      "R": [
        [
          0.9985307115442645,
          -0.0034965915238224874,
          0.05407579819679345
        ],
        [
          0.008097354317233896,
          -0.9770840065508054,
          -0.21269996943038516
        ],
        [
          0.05358032246978335,
          0.21282532271875257,
          -0.9756200751592256
        ]
      ],
      "t": [
        79.36853874908893,
        187.786036031169,
        491.6669119220173
      ]
    },
    {
      "frame": 1048,
      "R": [
        [
          0.9985171231626782,
          -0.0019275824141939072,
          0.05440440402178418
        ],
        [
          0.009730190290377975,
          -0.9769604667309022,
          -0.21319842832875152
        ],
        [
          0.05356190948651915,
          0.2134116465213966,
          -0.9754929989401175
        ]
      ],
      "t": [
        78.78285535123028,
        189.96656674226705,
        498.0599222552818
      ]
    },
    {
      "frame": 1049,
      "R": [
        [
          0.9985416135007374,
          -0.0025064989587654575,
          0.0539292459646264
        ],
        [
          0.009099885595946182,
          -0.976815066025724,
          -0.21389137165229818
        ],
        [
          0.053215018457989455,
          0.2140701853321253,
          -0.9753676832673849
        ]
      ],
      "t": [
        78.83262635515746,
        192.04192339359702,
        504.57918391317196
      ]
    },
    {
      "frame": 1050,
      "R": [
        [
          0.9985336225122763,
          -0.002773386443290815,
          0.05406397173855348
        ],
        [
          0.008913154431055328,
          -0.9766347570198095,
          -0.2147209981789062
        ],
        [
          0.053396258207847276,
          0.21488801667029714,
          -0.9751779221767211
        ]
      ],
      "t": [
        78.57048573536801,
        194.27910064310007,
        511.28700365331633
      ]
    },
    {
      "frame": 1051,
      "R": [
        [
          0.9985344661375453,
          -0.001147510292589303,
          0.05410732996125278
        ],
        [
          0.010540227558503416,
          -0.9765072689222152,
          -0.21522652565399908
        ],
        [
          0.05308317566256229,
          0.2154814074629293,
          -0.9750640694330669
        ]
      ],
      "t": [
        78.21554988408244,
        196.5965595663352,
        518.186872756318
      ]
    },
    {
      "frame": 1052,
      "R": [
        [
          0.9985521775766231,
          -0.0017143168255506164,
          0.053764391327395904
        ],
        [
          0.00992389275170481,
          -0.9764646249376014,
          -0.2154491879727612
        ],
        [
          0.05286837438049699,
          0.21567080786070955,
          -0.9750338648616634
        ]
      ],
      "t": [
        78.21927093618484,
        198.5899455865918,
        525.3618202394815
      ]
    },
    {
      "frame": 1053,
      "R": [
        [
          0.9984879353757998,
          -0.0008382287265009132,
          0.054964900450875716
        ],
        [
          0.011035912740307954,
          -0.9764703972971445,
          -0.21536892030268748
        ],
        [
          0.0538521265964578,
          0.2156498564223014,
          -0.9749846603337305
        ]
      ],
      "t": [
        77.17275290360766,
        200.676166214945,
        532.8487578829139
      ]
    },
    {
      "frame": 1054,
      "R": [
        [
          0.9984807683785561,
          -0.0023560360597203157,
          0.055050924354215984
        ],
        [
          0.009568167960847983,
          -0.9764937817183741,
          -0.21533310109507509
        ],
        [
          0.054264217860771895,
          0.21553269672936878,
          -0.9749877185383027
        ]
      ],
      "t": [
        76.8530421853238,
        202.58365616794507,
        540.4877655075023
      ]
    },
    {
      "frame": 1055,
      "R": [
        [
          0.9984367761352222,
          -0.0013132772065989184,
          0.055877360027853526
        ],
        [
          0.010781180681074903,
          -0.9764242859991801,
          -0.21559076940841784
        ],
        [
          0.0548431418121332,
          0.2158561766870946,
          -0.9748837575743089
        ]
      ],
      "t": [
        75.80677809314777,
        205.02269027048987,
        548.2510355351202
      ]
    },
    {
      "frame": 1056,
      "R": [
        [
          0.9984432160787604,
          -0.002332327327610942,
          0.05572884814473101
        ],
        [
          0.009783883988668309,
          -0.9763113848350456,
          -0.21614891962619587
        ],
        [
          0.05491283893952205,
          0.21635766704859874,
          -0.9747686597490143
        ]
      ],
      "t": [
        75.41780098653128,
        207.47890325721292,
        556.1541038299697
      ]
    },
    {
      "frame": 1057,
      "R": [
        [
          0.9984678210266982,
          -0.00019373054038681294,
          0.05533509593987439
        ],
        [
          0.011823748875864197,
          -0.9761520831754532,
          -0.216765563396826
        ],
        [
          0.05405746328415607,
          0.2170877080368684,
          -0.9746541528576079
        ]
      ],
      "t": [
        74.86633537436254,
        210.38173049220543,
        564.1765611078182
      ]
    },
    {
      "frame": 1058,
      "R": [
        [
          0.9985062995268261,
          -6.059372386401328e-05,
          0.05463667388892968
        ],
        [
          0.011815403929324824,
          -0.976097074606925,
          -0.21701358753264927
        ],
        [
          0.053343847210634496,
          0.21733498860561878,
          -0.9746383620053973
        ]
      ],
      "t": [
        74.62951217179355,
        212.93931279063065,
        572.5576013102545
      ]
    },
    {
      "frame": 1059,
      "R": [
        [
          0.9985106168247897,
          -0.00033777368877713736,
          0.05455670441947052
        ],
        [
          0.01152107371717935,
          -0.9761247217033067,
          -0.2169050311542948
        ],
        [
          0.05332741273099253,
          0.2172105282636582,
          -0.9746670064503267
        ]
      ],
      "t": [
        73.99995451522992,
        215.344331386904,
        581.3197388815064
      ]
    },
    {
      "frame": 1060,
      "R": [
        [
          0.9984972496408115,
          0.0017119628023791731,
          0.054775100575885305
        ],
        [
          0.013559478783742501,
          -0.9761513543611089,
          -0.216667196211346
        ],
        [
          0.053097862432006794,
          0.2170843213185511,
          -0.9747076558860178
        ]
      ],
      "t": [
        72.90318619443902,
        218.01028049808977,
        590.3157269936368
      ]
    },
    {
      "frame": 1061,
      "R": [
        [
          0.9984681181378783,
          -0.0015932564590999828,
          0.0553071297036771
        ],
        [
          0.01042650151175822,
          -0.9762591397000124,
          -0.21635475547909067
        ],
        [
          0.05433879947541286,
          0.21659998542485506,
          -0.974747013940296
        ]
      ],
      "t": [
        71.97523890932963,
        220.16668843332621,
        599.7354214106003
      ]
    },
    {
      "frame": 1062,
      "R": [
        [
          0.9983866320949586,
          -0.0014440230198965289,
          0.05676308352797532
        ],
        [
          0.010882981806830581,
          -0.9762766932984596,
          -0.2162530435143465
        ],
        [
          0.05572874986107341,
          0.2165218993999075,
          -0.9746858845387977
        ]
      ],
      "t": [
        70.12407305466353,
        222.89498057450126,
        609.2987469790082
      ]
    },
    {
      "frame": 1063,
      "R": [
        [
          0.9983326018332643,
          -0.00215147767537757,
          0.05768350943412463
        ],
        [
          0.010386719509418874,
          -0.9762987953164824,
          -0.21617765453769214
        ],
        [
          0.056781442167816165,
          0.21641634274563792,
          -0.9746485696998408
        ]
      ],
      "t": [
        68.7136106418991,
        225.57314569907368,
        619.0401778197664
      ]
    },
    {
      "frame": 1064,
      "R": [
        [
          0.998284044493448,
          -0.0032267215488070346,
          0.058468408374518194
        ],
        [
          0.00950342139781258,
          -0.9763159336091629,
          -0.21614088637415213
        ],
        [
          0.057781065164451265,
          0.21632564815323005,
          -0.9746099540121403
        ]
      ],
      "t": [
        67.43539789723367,
        228.28245042468805,
        628.9970547131021
      ]
    },
    {
      "frame": 1065,
      "R": [
        [
          0.9982972592267867,
          -0.002506971255661191,
          0.058277760041109156
        ],
        [
          0.010167229809344118,
          -0.9763043913561553,
          -0.2161628156198269
        ],
        [
          0.05743874701183684,
          0.21638726975913053,
          -0.9746165091090443
        ]
      ],
      "t": [
        66.58115277080164,
        231.28374373137652,
        639.1044482501596
      ]
    },
    {
      "frame": 1066,
      "R": [
        [
          0.9983568964361602,
          -0.003505486319573947,
          0.05719457058166494
        ],
        [
          0.008977505077980376,
          -0.976232425173025,
          -0.21654019590683274
        ],
        [
          0.05659427304005778,
          0.21669786248705364,
          -0.9745969036748524
        ]
      ],
      "t": [
        66.37093323335772,
        234.4391895930231,
        649.3978264257527
      ]
    },
    {
      "frame": 1067,
      "R": [
        [
          0.9983799239210862,
          0.0004977328821998925,
          0.056897098109700374
        ],
        [
          0.012875261279757754,
          -0.9760008665784955,
          -0.21738568509679793
        ],
        [
          0.05542341705727701,
          0.2177660687526965,
          -0.9744260793624578
        ]
      ],
      "t": [
        65.0272595024268,
        238.56554300852534,
        659.7349529851438
      ]
    },
    {
      "frame": 1068,
      "R": [
        [
          0.9984508590571872,
          -0.004095875059765989,
          0.05548969143417347
        ],
        [
          0.008149388952009985,
          -0.9757670448739224,
          -0.21866015091397326
        ],
        [
          0.055040616890382456,
          0.2187736225999549,
          -0.9742220653150998
        ]
      ],
      "t": [
        65.06105485555298,
        242.22575048611554,
        670.341939922023
      ]
    },
    {
      "frame": 1069,
      "R": [
        [
          0.9984016611207056,
          -0.0013263642400150823,
          0.05650100733012474
        ],
        [
          0.011154424557701818,
          -0.9754354695409162,
          -0.22000278083305874
        ],
        [
          0.05540489043579582,
          0.22028137805859838,
          -0.9738615982758547
        ]
      ],
      "t": [
        62.656376372442004,
        246.8159582505092,
        680.9928676732453
      ]
    },
    {
      "frame": 1070,
      "R": [
        [
          0.9983405394337059,
          -0.0019509454790374767,
          0.057553115771045105
        ],
        [
          0.010808892821723483,
          -0.9753142014930472,
          -0.22055696815550413
        ],
        [
          0.05656266577156695,
          0.2208130480241543,
          -0.9736746184753386
        ]
      ],
      "t": [
        60.581287569202075,
        250.53126567398607,
        692.0074517715387
      ]
    },
    {
      "frame": 1071,
      "R": [
        [
          0.9982691182429231,
          -0.0015378796798131253,
          0.05879117696208873
        ],
        [
          0.011480015746656387,
          -0.9753323541799311,
          -0.220442754764791
        ],
        [
          0.057679951464557726,
          0.22073611805937762,
          -0.9736265143180532
        ]
      ],
      "t": [
        58.39854667567836,
        253.85737474953305,
        703.2623771222922
      ]
    },
    {
      "frame": 1072,
      "R": [
        [
          0.9982722850774428,
          0.00038290197538038464,
          0.05875626121816615
        ],
        [
          0.013334627147401728,
          -0.9753636310064079,
          -0.22019985247233037
        ],
        [
          0.05722440532762139,
          0.22060290273718855,
          -0.9736835865612744
        ]
      ],
      "t": [
        57.18339395156549,
        257.19454569380196,
        714.6254193430512
      ]
    },
    {
      "frame": 1073,
      "R": [
        [
          0.9982771649754774,
          -0.0034399668419327224,
          0.058573616216261615
        ],
        [
          0.009574908984584877,
          -0.9753473365687448,
          -0.22046744468558763
        ],
        [
          0.05788802126917466,
          0.220648452694285,
          -0.9736340366468078
        ]
      ],
      "t": [
        56.81410184725724,
        260.3529472435298,
        726.3015935530054
      ]
    },
    {
      "frame": 1074,
      "R": [
        [
          0.9983471605486689,
          0.0016763084635878286,
          0.057446819009803175
        ],
        [
          0.014381049856167588,
          -0.9750610192738398,
          -0.22147052647631085
        ],
        [
          0.05564290097977101,
          0.22193061682110177,
          -0.9734735070293186
        ]
      ],
      "t": [
        56.52206502615322,
        264.9643088947372,
        737.8374993690626
      ]
    },
    {
      "frame": 1075,
      "R": [
        [
          0.9984310152241669,
          -0.003722719231126281,
          0.05587172093255416
        ],
        [
          0.008795936759474305,
          -0.9749736950635204,
          -0.22214618031987154
        ],
        [
          0.0553004460647682,
          0.22228908046890591,
          -0.9734112313761979
        ]
      ],
      "t": [
        57.65138159247091,
        268.37145779229303,
        750.0185126413655
      ]
    },
    {
      "frame": 1076,
      "R": [
        [
          0.9984075891942583,
          -0.002062190384359804,
          0.05637404731015394
        ],
        [
          0.010584626899555048,
          -0.974734804693796,
          -0.22311437916894689
        ],
        [
          0.05540985032199633,
          0.22335578767823774,
          -0.973160798942255
        ]
      ],
      "t": [
        56.35997546421788,
        272.8351341082721,
        762.1471204487209
      ]
    },
    {
      "frame": 1077,
      "R": [
        [
          0.9983288615955612,
          -0.0025079024703527734,
          0.0577338248387374
        ],
        [
          0.010475173936082726,
          -0.974653617288457,
          -0.22347392921218948
        ],
        [
          0.05683093203810427,
          0.22370524520387303,
          -0.9729985654829894
        ]
      ],
      "t": [
        54.44162868950526,
        276.6834280555914,
        774.5178217957072
      ]
    },
    {
      "frame": 1078,
      "R": [
        [
          0.9982184316403284,
          -0.00268281386538161,
          0.05960507732808278
        ],
        [
          0.010723606209240937,
          -0.9746542373576279,
          -0.22345944122074976
        ],
        [
          0.05869384127310242,
          0.2237005143279387,
          -0.9728890547673068
        ]
      ],
      "t": [
        52.04424814147143,
        280.2544885785166,
        786.9322467978532
      ]
    },
    {
      "frame": 1079,
      "R": [
        [
          0.9981763728485378,
          -0.0022475887799150445,
          0.060323105288212345
        ],
        [
          0.011304304850969657,
          -0.9746682855941066,
          -0.22336952735071433
        ],
        [
          0.059297060456423106,
          0.22364409538756339,
          -0.9728654466160804
        ]
      ],
      "t": [
        50.50542444681337,
        283.7862690963464,
        799.244274461835
      ]
    },
    {
      "frame": 1080,
      "R": [
        [
          0.9982557371180591,
          -0.001172835772942503,
          0.059026331133913826
        ],
        [
          0.01206952293174724,
          -0.9746324268076485,
          -0.2234859262486868
