{
  "camera": "|man_wakes_in_abandoned_building|PF0102_01_Clip_1_REC709_2K000_1_1",
  "start_frame": 1001,
  "end_frame": 1196,
  "render_width": 960,
  "render_height": 540,
  "K": [
    [
      1233.2146356266921,
      0,
      480.0
    ],
    [
      0,
      1315.4289446684722,
      270.0
    ],
    [
      0,
      0,
      1
    ]
  ],
  "frames": [
    {
      "frame": 1001,
      "R": [
        [
          0.58396323830057,
          0.03956724966273619,
          -0.810815249651632
        ],
        [
          0.05919466544091357,
          -0.9982279434816651,
          -0.0060798384603422745
        ],
        [
          -0.809619001689591,
          -0.044445535281873345,
          -0.5852705925438744
        ]
      ],
      "t": [
        96.596708175451,
        31.534230797243524,
        276.5129446383644
      ]
    },
    {
      "frame": 1002,
      "R": [
        [
          0.5836776090616331,
          0.03940699223499971,
          -0.811028691011043
        ],
        [
          0.05946577211978985,
          -0.9982140366172446,
          -0.0057060534963214934
        ],
        [
          -0.8098050818723552,
          -0.044897951660364005,
          -0.5849785494446879
        ]
      ],
      "t": [
        96.7107811514202,
        31.407810097291318,
        276.48339084191076
      ]
    },
    {
      "frame": 1003,
      "R": [
        [
          0.5826796955322284,
          0.039330159319182295,
          -0.8117496602909037
        ],
        [
          0.05854072288486803,
          -0.9982648501694806,
          -0.006346075970352428
        ],
        [
          -0.8105907451843912,
          -0.04382268230074624,
          -0.5839710749150004
        ]
      ],
      "t": [
        97.06316885482568,
        31.72618611359964,
        276.32159002382906
      ]
    },
    {
      "frame": 1004,
      "R": [
        [
          0.5823850487014834,
          0.03961388447730543,
          -0.8119472859771066
        ],
        [
          0.057994985915497704,
          -0.9982915742255112,
          -0.007107351054512313
        ],
        [
          -0.8108416840898302,
          -0.04294965642434807,
          -0.5836874937459244
        ]
      ],
      "t": [
        97.15945824359443,
        32.01039719366694,
        276.25457047699814
      ]
    },
    {
      "frame": 1005,
      "R": [
        [
          0.5822536924248065,
          0.038932343023440064,
          -0.8120744487572455
        ],
        [
          0.057729311708617434,
          -0.9983113120055322,
          -0.006469226494854534
        ],
        [
          -0.8109549705300093,
          -0.043113767969149265,
          -0.5835179849706212
        ]
      ],
      "t": [
        97.24803654647788,
        31.91136298180103,
        276.23356529896205
      ]
    },
    {
      "frame": 1006,
      "R": [
        [
          0.581943755244601,
          0.03916183357809973,
          -0.8122855510980195
        ],
        [
          0.05735010982672188,
          -0.9983292767214202,
          -0.007044156709572733
        ],
        [
          -0.8112043088117042,
          -0.042485362558030516,
          -0.5832174237226094
        ]
      ],
      "t": [
        97.34688867431635,
        32.12197055387036,
        276.17052663588294
      ]
    },
    {
      "frame": 1007,
      "R": [
        [
          0.5815832364759617,
          0.03868500681361498,
          -0.8125665568419467
        ],
        [
          0.05665158559299991,
          -0.9983695872006481,
          -0.006983208618312529
        ],
        [
          -0.8115118834003267,
          -0.04197186677571527,
          -0.5828265826979898
        ]
      ],
      "t": [
        97.49744407681652,
        32.23312530841851,
        276.09899325602686
      ]
    },
    {
      "frame": 1008,
      "R": [
        [
          0.5813493536950369,
          0.03959611031638443,
          -0.8126900251671453
        ],
        [
          0.05703005595175217,
          -0.9983416343729234,
          -0.007845622712073428
        ],
        [
          -0.811652944106348,
          -0.041786709913714186,
          -0.5826434322963613
        ]
      ],
      "t": [
        97.53293908391815,
        32.38496173368636,
        276.0629612912468
      ]
    },
    {
      "frame": 1009,
      "R": [
        [
          0.5810790350993682,
          0.039883378300748736,
          -0.8128692829128842
        ],
        [
          0.05695321891166822,
          -0.9983425901352883,
          -0.008270645534824927
        ],
        [
          -0.8118518866293202,
          -0.04148962348928361,
          -0.5823874357497169
        ]
      ],
      "t": [
        97.61215446401222,
        32.50778631115801,
        276.01481137781417
      ]
    },
    {
      "frame": 1010,
      "R": [
        [
          0.580924406598474,
          0.039985312331845664,
          -0.8129747896558266
        ],
        [
          0.05659989768385693,
          -0.9983593919030347,
          -0.008658878748411829
        ],
        [
          -0.8119872446044875,
          -0.040984135915345624,
          -0.5822345019001234
        ]
      ],
      "t": [
        97.66041220139523,
        32.6674537941505,
        275.973443802949
      ]
    },
    {
      "frame": 1011,
      "R": [
        [
          0.580822017970531,
          0.04039971059209595,
          -0.8130274576081149
        ],
        [
          0.056461379008355385,
          -0.9983617165683876,
          -0.009273379702008942
        ],
        [
          -0.8120701300510412,
          -0.040518468316283564,
          -0.5821514902533423
        ]
      ],
      "t": [
        97.67237528332419,
        32.84366417087919,
        275.94384246737235
      ]
    },
    {
      "frame": 1012,
      "R": [
        [
          0.5812208453715013,
          0.040112945231219554,
          -0.8127565936555141
        ],
        [
          0.05599368789046588,
          -0.9983884373299088,
          -0.009232286952215505
        ],
        [
          -0.8118171196901814,
          -0.040143241408985966,
          -0.5825302432896661
        ]
      ],
      "t": [
        97.54960162510385,
        32.915305717791135,
        275.9756788943009
      ]
    },
    {
      "frame": 1013,
      "R": [
        [
          0.5811490062731532,
          0.04023153599038706,
          -0.8128021013872815
        ],
        [
          0.05579865171271547,
          -0.9983966332855849,
          -0.009522242963291896
        ],
        [
          -0.8118819760129976,
          -0.03981941933106356,
          -0.5824620767649747
        ]
      ],
      "t": [
        97.56403984610883,
        33.01867499509814,
        275.9566011297347
      ]
    },
    {
      "frame": 1014,
      "R": [
        [
          0.5811969364984011,
          0.040670491611956995,
          -0.8127459825289296
        ],
        [
          0.05576534368456735,
          -0.998392993887088,
          -0.010082469981054339
        ],
        [
          -0.8118499537775533,
          -0.03946315837865121,
          -0.5825309534112036
        ]
      ],
      "t": [
        97.52147123281377,
        33.158748026560716,
        275.9553943515051
      ]
    },
    {
      "frame": 1015,
      "R": [
        [
          0.5819352343134021,
          0.04046426649580709,
          -0.812227816687881
        ],
        [
          0.05583578192037408,
          -0.9983925131107305,
          -0.00973422938808866
        ],
        [
          -0.8113160595735462,
          -0.039686684182428315,
          -0.5832591350134673
        ]
      ],
      "t": [
        97.2787160826263,
        33.06302299264936,
        276.0559366854036
      ]
    },
    {
      "frame": 1016,
      "R": [
        [
          0.5821185651252294,
          0.04061870004640787,
          -0.8120887250436889
        ],
        [
          0.05616539262470421,
          -0.9983745909922352,
          -0.009675987412161224
        ],
        [
          -0.811161774745246,
          -0.03997871017963764,
          -0.5834537496018993
        ]
      ],
      "t": [
        97.20384595046387,
        32.99371318150326,
        276.0962453162008
      ]
    },
    {
      "frame": 1017,
      "R": [
        [
          0.5826361863517084,
          0.040616033653899264,
          -0.811717569209736
        ],
        [
          0.05647360420691141,
          -0.9983596586671084,
          -0.009419340421461801
        ],
        [
          -0.8107686515778827,
          -0.04035256815023737,
          -0.5839741979422223
        ]
      ],
      "t": [
        97.02488070159963,
        32.88215503821787,
        276.1797602646503
      ]
    },
    {
      "frame": 1018,
      "R": [
        [
          0.5828298193115311,
          0.040543813138688545,
          -0.8115821590803134
        ],
        [
          0.056336273334005836,
          -0.9983674338466142,
          -0.009417608048884077
        ],
        [
          -0.8106390232576546,
          -0.04023265154947331,
          -0.5841623984143232
        ]
      ],
      "t": [
        96.9612873634863,
        32.90979560057581,
        276.2074589481651
      ]
    },
    {
      "frame": 1019,
      "R": [
        [
          0.5824191680745223,
          0.04029256088751616,
          -0.8118894150045972
        ],
        [
          0.05562928921028173,
          -0.9984049290720816,
          -0.009642602684454861
        ],
        [
          -0.8109829189578163,
          -0.039548794440504006,
          -0.5837316147142989
        ]
      ],
      "t": [
        97.11415388993288,
        33.090740770986635,
        276.1416869922193
      ]
    },
    {
      "frame": 1020,
      "R": [
        [
          0.5821734820663542,
          0.04071080545041509,
          -0.8120447445173911
        ],
        [
          0.0553913377364359,
          -0.9984111516686098,
          -0.01034272340961065
        ],
        [
          -0.8111755891806065,
          -0.03895898539923886,
          -0.5835035226750198
        ]
      ],
      "t": [
        97.17848784524338,
        33.30827608397331,
        276.1032208142497
      ]
    },
    {
      "frame": 1021,
      "R": [
        [
          0.5822178934704714,
          0.040391711639989385,
          -0.8120288382524344
        ],
        [
          0.05461933488135396,
          -0.9984520082869145,
          -0.010503114059431776
        ],
        [
          -0.8111960630944438,
          -0.03823737410726441,
          -0.5835227934206648
        ]
      ],
      "t": [
        97.1838831220226,
        33.4846699339246,
        276.0908477169959
      ]
    },
    {
      "frame": 1022,
      "R": [
        [
          0.5819859223967294,
          0.04052975416794394,
          -0.8121882325908906
        ],
        [
          0.05423447661437791,
          -0.9984680444155636,
          -0.010962929687104921
        ],
        [
          -0.8113883211375381,
          -0.03766833296080353,
          -0.5832924558174579
        ]
      ],
      "t": [
        97.25891953610872,
        33.666310054502105,
        276.0535588163598
      ]
    },
    {
      "frame": 1023,
      "R": [
        [
          0.582007761115253,
          0.040421291617699875,
          -0.8121779886118359
        ],
        [
          0.05427443589102281,
          -0.9984676529229879,
          -0.010799614584365392
        ],
        [
          -0.8113699844154465,
          -0.037795042669858905,
          -0.5833097660242468
        ]
      ],
      "t": [
        97.2618925184452,
        33.62654525226287,
        276.06937599351096
      ]
    },
    {
      "frame": 1024,
      "R": [
        [
          0.5819366212206056,
          0.040131655916775914,
          -0.8122433250422699
        ],
        [
          0.053354494900027395,
          -0.9985138414637568,
          -0.01110883788948104
        ],
        [
          -0.8114820187510676,
          -0.03687219275645705,
          -0.5832129753743674
        ]
      ],
      "t": [
        97.30704591462114,
        33.860081197232134,
        276.0383576109658
      ]
    },
    {
      "frame": 1025,
      "R": [
        [
          0.5813060494972031,
          0.04071283910811698,
          -0.812665824032063
        ],
        [
          0.053553259870603775,
          -0.998496267138567,
          -0.01171549689853139
        ],
        [
          -0.8119207628674039,
          -0.03671061484236571,
          -0.5826122257408514
        ]
      ],
      "t": [
        97.4961259231732,
        33.97476621436333,
        275.97289169975454
      ]
    },
    {
      "frame": 1026,
      "R": [
        [
          0.5809908038964795,
          0.04116491033935396,
          -0.8128684616495315
        ],
        [
          0.054100147215988124,
          -0.9984646489784349,
          -0.011896167936758028
        ],
        [
          -0.8121101279130384,
          -0.037064739269608606,
          -0.5823258067816888
        ]
      ],
      "t": [
        97.58470773956297,
        33.92675937311944,
        275.96377703021
      ]
    },
    {
      "frame": 1027,
      "R": [
        [
          0.5808040164717443,
          0.041257025327330464,
          -0.8129972646395741
        ],
        [
          0.05391976186804603,
          -0.9984713615707255,
          -0.012149049477005625
        ],
        [
          -0.8122557194199269,
          -0.036780402176179734,
          -0.5821407461133222
        ]
      ],
      "t": [
        97.64848486322155,
        34.018525978909345,
        275.94540646393074
      ]
    },
    {
      "frame": 1028,
      "R": [
        [
          0.5803677346150857,
          0.041399527008783174,
          -0.8133015257462649
        ],
        [
          0.05388112509029269,
          -0.9984706611650019,
          -0.012375910137359152
        ],
        [
          -0.8125700689643678,
          -0.036639022314641397,
          -0.5817108087933983
        ]
      ],
      "t": [
        97.79427631119223,
        34.08291190857409,
        275.90104493197714
      ]
    },
    {
      "frame": 1029,
      "R": [
        [
          0.5800362509319896,
          0.041669457998992666,
          -0.813524187639699
        ],
        [
          0.05355602383723246,
          -0.9984807661123721,
          -0.012958086833943956
        ],
        [
          -0.8128282105805062,
          -0.03605296067898477,
          -0.5813866906893997
        ]
      ],
      "t": [
        97.89846726588651,
        34.28374564350812,
        275.856272617907
      ]
    },
    {
      "frame": 1030,
      "R": [
        [
          0.5798644841018157,
          0.041547737591616785,
          -0.813652853235551
        ],
        [
          0.05318858144699071,
          -0.9984988074808733,
          -0.01308075926430722
        ],
        [
          -0.8129748796125204,
          -0.035691973331437934,
          -0.5812038611010046
        ]
      ],
      "t": [
        97.9694091387115,
        34.3830996768037,
        275.83742490699206
      ]
    },
    {
      "frame": 1031,
      "R": [
        [
          0.5794543561432877,
          0.042314407195113236,
          -0.8139054859689142
        ],
        [
          0.053126461194551534,
          -0.9984884149562615,
          -0.01408773647809048
        ],
        [
          -0.8132713128270982,
          -0.03507671794593214,
          -0.5808264763168338
        ]
      ],
      "t": [
        98.07379374373342,
        34.643065870026845,
        275.7847900262488
      ]
    },
    {
      "frame": 1032,
      "R": [
        [
          0.5789492719625624,
          0.042339477129330255,
          -0.814263537910444
        ],
        [
          0.052600251488041865,
          -0.9985100743107985,
          -0.014520504235004495
        ],
        [
          -0.8136651363044953,
          -0.03442383151624662,
          -0.5803137477143964
        ]
      ],
      "t": [
        98.24789016542799,
        34.842625071586546,
        275.71075441257966
      ]
    },
    {
      "frame": 1033,
      "R": [
        [
          0.5786551186390685,
          0.04267494167823397,
          -0.814455095769905
        ],
        [
          0.05237138246126149,
          -0.9985133559255553,
          -0.015110140217140022
        ],
        [
          -0.8138891152803939,
          -0.03391057933808702,
          -0.5800298101279392
        ]
      ],
      "t": [
        98.33209884913856,
        35.03082384841566,
        275.6672936791548
      ]
    },
    {
      "frame": 1034,
      "R": [
        [
          0.5785746494726696,
          0.04301477228151784,
          -0.8144943857100221
        ],
        [
          0.05250122650126566,
          -0.9985015167983186,
          -0.015438334344089113
        ],
        [
          -0.8139379559913885,
          -0.033829725346597984,
          -0.5799659933819686
        ]
      ],
      "t": [
        98.34120158805538,
        35.09713610398714,
        275.6650420191884
      ]
    },
    {
      "frame": 1035,
      "R": [
        [
          0.5785460999155885,
          0.0431481365159253,
          -0.8145076111293651
        ],
        [
          0.052151519329593596,
          -0.9985133545434037,
          -0.015852439247438482
        ],
        [
          -0.8139807303026755,
          -0.033306442525159845,
          -0.5799362478602638
        ]
      ],
      "t": [
        98.34126826530913,
        35.26454823194494,
        275.65272223252015
      ]
    },
    {
      "frame": 1036,
      "R": [
        [
          0.5787404027286682,
          0.043494068810238026,
          -0.8143511602667421
        ],
        [
          0.051619081827788404,
          -0.9985281009102057,
          -0.016646383508566693
        ],
        [
          -0.8138765364849357,
          -0.03240212448263984,
          -0.5801336791536039
        ]
      ],
      "t": [
        98.2527124927897,
        35.553028067430894,
        275.6567879282484
      ]
    },
    {
      "frame": 1037,
      "R": [
        [
          0.5789024668602698,
          0.04333588766754374,
          -0.8142443949473404
        ],
        [
          0.05121599978926591,
          -0.9985474271575453,
          -0.016731918079920218
        ],
        [
          -0.8137867381744928,
          -0.03201619210826385,
          -0.580281059672127
        ]
      ],
      "t": [
        98.20036655007935,
        35.64818396993369,
        275.6733031255599
      ]
    },
    {
      "frame": 1038,
      "R": [
        [
          0.5789754537636682,
          0.04380443451511129,
          -0.8141674247081896
        ],
        [
          0.05150041216586755,
          -0.9985265600294643,
          -0.01710018896009125
        ],
        [
          -0.8137168619894147,
          -0.032029368281881396,
          -0.5803783146203547
        ]
      ],
      "t": [
        98.14572678549106,
        35.69312206192139,
        275.6953353358681
      ]
    },
    {
      "frame": 1039,
      "R": [
        [
          0.5792363437515955,
          0.04344592804650035,
          -0.8140010500075916
        ],
        [
          0.05126547760831178,
          -0.9985434844549729,
          -0.016815482690454783
        ],
        [
          -0.8135460090756237,
          -0.03199001389026919,
          -0.580619953264117
        ]
      ],
      "t": [
        98.07284414938775,
        35.66646677492096,
        275.72951951958976
      ]
    },
    {
      "frame": 1040,
      "R": [
        [
          0.5793942678153399,
          0.04372631777524657,
          -0.8138736336536183
        ],
        [
          0.05134206079709477,
          -0.9985347659753663,
          -0.017097190752500886
        ],
        [
          -0.8134287155097447,
          -0.031879935262451566,
          -0.580790318886109
        ]
      ],
      "t": [
        98.00014153577108,
        35.723262917345146,
        275.7514369618943
      ]
    },
    {
      "frame": 1041,
      "R": [
        [
          0.5795117205427442,
          0.04349391396977497,
          -0.8138024607981831
        ],
        [
          0.050751967187473414,
          -0.9985626871417139,
          -0.01722781689364328
        ],
        [
          -0.8133820772430324,
          -0.0313183539782842,
          -0.5808861825899293
        ]
      ],
      "t": [
        97.96729069255923,
        35.85606141029743,
        275.75086539434835
      ]
    },
    {
      "frame": 1042,
      "R": [
        [
          0.5798073219921482,
          0.04307856848953107,
          -0.8136139786785785
        ],
        [
          0.049955755703805046,
          -0.9986020541511377,
          -0.0172730980773512
        ],
        [
          -0.81322069073306,
          -0.030629632417330774,
          -0.5811488051967617
        ]
      ],
      "t": [
        97.88414184156274,
        36.00137284458345,
        275.76817508942065
      ]
    },
    {
      "frame": 1043,
      "R": [
        [
          0.5799946871444128,
          0.042433091577042836,
          -0.813514348750819
        ],
        [
          0.049601779475802216,
          -0.9986290266546229,
          -0.01672514859946533
        ],
        [
          -0.8131087420247606,
          -0.030651261997748334,
          -0.5813042867387584
        ]
      ],
      "t": [
        97.85008433482226,
        35.926782635759125,
        275.7986163204965
      ]
    },
    {
      "frame": 1044,
      "R": [
        [
          0.5799190090649033,
          0.04207907031448654,
          -0.8135866854654451
        ],
        [
          0.04949496193825712,
          -0.9986402039934066,
          -0.016370452368149324
        ],
        [
          -0.8131692269558108,
          -0.030774905515303617,
          -0.581213139495842
        ]
      ],
      "t": [
        97.88944695869247,
        35.85331041236855,
        275.80583110052675
      ]
    },
    {
      "frame": 1045,
      "R": [
        [
          0.579817053426521,
          0.04189479348255928,
          -0.8136688582186492
        ],
        [
          0.04967434167098975,
          -0.9986369672937052,
          -0.016020840614180933
        ],
        [
          -0.813230990761752,
          -0.03112930827186671,
          -0.5811078401047215
        ]
      ],
      "t": [
        97.92870161965368,
        35.729065767898874,
        275.82058630064813
      ]
    },
    {
      "frame": 1046,
      "R": [
        [
          0.5798122273174526,
          0.04161132620696767,
          -0.8136868430695389
        ],
        [
          0.05114180734295869,
          -0.9985843175247662,
          -0.014624511454841527
        ],
        [
          -0.813143466182242,
          -0.03313394520570135,
          -0.5811194757364745
        ]
      ],
      "t": [
        97.9401522264792,
        35.13505945924416,
        275.90250990140817
      ]
    },
    {
      "frame": 1047,
      "R": [
        [
          0.5798530596032603,
          0.0416201634514445,
          -0.8136572934983206
        ],
        [
          0.05178879892359868,
          -0.998557512961314,
          -0.01417087204677634
        ],
        [
          -0.8130733974093531,
          -0.03392131045213474,
          -0.5811720873565948
        ]
      ],
      "t": [
        97.92018115347356,
        34.90686300369156,
        275.9447499044608
      ]
    },
    {
      "frame": 1048,
      "R": [
        [
          0.5797785217320721,
          0.04132986906457225,
          -0.8137252040223888
        ],
        [
          0.05113200782687541,
          -0.9985896938194679,
          -0.01428779805057069
        ],
        [
          -0.8131681151605524,
          -0.033323645068432176,
          -0.5810741356880271
        ]
      ],
      "t": [
        97.95413110788364,
        35.03976449135427,
        275.92007192684866
      ]
    },
    {
      "frame": 1049,
      "R": [
        [
          0.5799477246790541,
          0.04171007860856216,
          -0.8135852174062993
        ],
        [
          0.0514390527237635,
          -0.9985704815283545,
          -0.014526433668033087
        ],
        [
          -0.813028080999955,
          -0.033425480739960586,
          -0.581264205626695
        ]
      ],
      "t": [
        97.87055029040226,
        35.04487503443308,
        275.951661621297
      ]
    },
    {
      "frame": 1050,
      "R": [
        [
          0.5800051055352542,
          0.04175409777606684,
          -0.8135420535362295
        ],
        [
          0.05132393271797834,
          -0.9985744547711844,
          -0.014659884337610634
        ],
        [
          -0.8129944227873885,
          -0.03325136985656891,
          -0.5813212665293285
        ]
      ],
      "t": [
        97.84237141065165,
        35.098804980775235,
        275.9556004344127
      ]
    },
    {
      "frame": 1051,
      "R": [
        [
          0.5799296047610967,
          0.04201540162826068,
          -0.8135824233276269
        ],
        [
          0.051329367700912495,
          -0.9985694169637066,
          -0.01498050453714514
        ],
        [
          -0.8130479380289101,
          -0.03307303328663469,
          -0.5812565913055598
        ]
      ],
      "t": [
        97.84747829659645,
        35.180283807277746,
        275.9428660809502
      ]
    },
    {
      "frame": 1052,
      "R": [
        [
          0.5797197329525601,
          0.042776672686449455,
          -0.8136923174636033
        ],
        [
          0.051508190048881713,
          -0.9985476194056243,
          -0.015797409194188743
        ],
        [
          -0.8131862871343204,
          -0.03275374868983273,
          -0.5810811082486351
        ]
      ],
      "t": [
        97.87093501352007,
        35.35480474797469,
        275.9102753966666
      ]
    },
    {
      "frame": 1053,
      "R": [
        [
          0.5798507412324962,
          0.04290691060754994,
          -0.8135921059807797
        ],
        [
          0.05144032279498927,
          -0.9985479036574779,
          -0.015999290359365776
        ],
        [
          -0.8130971719806138,
          -0.03257424018103426,
          -0.5812158874237321
        ]
      ],
      "t": [
        97.81192261888928,
        35.4251912008017,
        275.9192044308804
      ]
    },
    {
      "frame": 1054,
      "R": [
        [
          0.5803169474053242,
          0.043043374961869815,
          -0.8132524260191653
        ],
        [
          0.05091313672778729,
          -0.998566423518156,
          -0.016521208511967266
        ],
        [
          -0.8127976950402255,
          -0.03181769466900648,
          -0.5816764919121676
        ]
      ],
      "t": [
        97.63960651344658,
        35.648564506552724,
        275.9485026795517
      ]
    },
    {
      "frame": 1055,
      "R": [
        [
          0.5802897556698514,
          0.042414378704995544,
          -0.8133048751505757
        ],
        [
          0.04961846389722539,
          -0.9986290100756009,
          -0.016676578663070225
        ],
        [
          -0.8128971690841986,
          -0.030677690827294168,
          -0.5815987205800929
        ]
      ],
      "t": [
        97.67598504923579,
        35.90977390592752,
        275.89830385733256
      ]
    },
    {
      "frame": 1056,
      "R": [
        [
          0.5802414742029274,
          0.04289350632080515,
          -0.8133141943494661
        ],
        [
          0.049891226364853714,
          -0.9986087389665088,
          -0.017071965075246772
        ],
        [
          -0.8129149384447457,
          -0.030671380393235748,
          -0.5815742164832866
        ]
      ],
      "t": [
        97.66326177814643,
        35.96293493841057,
        275.89143905812927
      ]
    },
    {
      "frame": 1057,
      "R": [
        [
          0.5803434294246574,
          0.042465678069950816,
          -0.8132638994260639
        ],
        [
          0.049852999495219374,
          -0.9986191156890954,
          -0.016569255313927587
        ],
        [
          -0.8128445007287416,
          -0.030927786315670572,
          -0.5816590837154137
        ]
      ],
      "t": [
        97.64843619691936,
        35.852602119745534,
        275.906633950429
      ]
    },
    {
      "frame": 1058,
      "R": [
        [
          0.5807392441113735,
          0.042423767548096146,
          -0.8129834895592748
        ],
        [
          0.0497767387749717,
          -0.9986231744223074,
          -0.01655390538942335
        ],
        [
          -0.8125664321308619,
          -0.030854164285212028,
          -0.582051384261203
        ]
      ],
      "t": [
        97.5127237223599,
        35.86743397807131,
        275.9489967809324
      ]
    },
    {
      "frame": 1059,
      "R": [
        [
          0.5808213936410467,
          0.04276252742724039,
          -0.8129070518435098
        ],
        [
          0.04929137177616227,
          -0.9986343611198591,
          -0.017313967169733203
        ],
        [
          -0.8125373033635416,
          -0.03001298117090305,
          -0.5821360250009774
        ]
      ],
      "t": [
        97.46037564806029,
        36.1399616287617,
        275.92873956825275
      ]
    },
    {
      "frame": 1060,
      "R": [
        [
          0.5811451934694642,
          0.04293848332209121,
          -0.8126663219042223
        ],
        [
          0.04886489533839274,
          -0.9986463956830542,
          -0.017821290436242306
        ],
        [
          -0.8123315124448309,
          -0.029354097486440626,
          -0.5824567373203353
        ]
      ],
      "t": [
        97.33270543776102,
        36.34496113192503,
        275.9434538040144
      ]
    },
    {
      "frame": 1061,
      "R": [
        [
          0.581656729756113,
          0.04313388528825055,
          -0.8122899215608695
        ],
        [
          0.04838360253800428,
          -0.9986596230491742,
          -0.018384349233140675
        ],
        [
          -0.8119941352835426,
          -0.028608132256785265,
          -0.5829640632439622
        ]
      ],
      "t": [
        97.13983011098428,
        36.57356437780812,
        275.9756501456971
      ]
    },
    {
      "frame": 1062,
      "R": [
        [
          0.5819223091700607,
          0.04234371090865341,
          -0.8121412661825951
        ],
        [
          0.04711558219243434,
          -0.9987215782353857,
          -0.018312047446652473
        ],
        [
          -0.8118784071551924,
          -0.027608319642905974,
          -0.5831734156163523
        ]
      ],
      "t": [
        97.08346911718644,
        36.779857937996,
        275.95790149144636
      ]
    },
    {
      "frame": 1063,
      "R": [
        [
          0.5821522254629314,
          0.0438520998078997,
          -0.8118964094827581
        ],
        [
          0.04795425723458589,
          -0.9986580966225244,
          -0.019554929387650157
        ],
        [
          -0.8116644476639566,
          -0.027549943606381848,
          -0.5834739282998423
        ]
      ],
      "t": [
        96.91889921526588,
        36.94481138952376,
        275.9786641633361
      ]
    },
    {
      "frame": 1064,
      "R": [
        [
          0.5826770742379546,
          0.04326645964672233,
          -0.8115512556993156
        ],
        [
          0.04741634684119508,
          -0.9986906771481762,
          -0.01919951638850367
        ],
        [
          -0.811319368195862,
          -0.027293677783609162,
          -0.5839656992866206
        ]
      ],
      "t": [
        96.76585360908,
        36.95639993379196,
        276.01402847984144
      ]
    },
    {
      "frame": 1065,
      "R": [
        [
          0.583270397768916,
          0.04378595571739267,
          -0.8110970553321007
        ],
        [
          0.04753027760920327,
          -0.9986748736378501,
          -0.01973244725865693
        ],
        [
          -0.8108862533036814,
          -0.027042315846431467,
          -0.5845786494192028
        ]
      ],
      "t": [
        96.53026208189289,
        37.0724284597224,
        276.0646291397016
      ]
    },
    {
      "frame": 1066,
      "R": [
        [
          0.5834791428121142,
          0.043996424841266916,
          -0.8109355119270748
        ],
        [
          0.047554632076997234,
          -0.9986690822106065,
          -0.019965500360526987
        ],
        [
          -0.8107346340642304,
          -0.026914286871688294,
          -0.5847948138372354
        ]
      ],
      "t": [
        96.44153090332948,
        37.13151215601157,
        276.07044636723487
      ]
    },
    {
      "frame": 1067,
      "R": [
        [
          0.5837690640160038,
          0.044329828794256586,
          -0.8107086691142207
        ],
        [
          0.047086766170480625,
          -0.9986762541635031,
          -0.02070207288077126
        ],
        [
          -0.8105532162353595,
          -0.02608841982616392,
          -0.5850836504308493
        ]
      ],
      "t": [
        96.32035504273746,
        37.39209773032011,
        276.0585012322885
      ]
    },
    {
      "frame": 1068,
      "R": [
        [
          0.58409057816983,
          0.044632498323040296,
          -0.8104604472685126
        ],
        [
          0.04695464845518372,
          -0.9986729252504725,
          -0.021157725778414165
        ],
        [
          -0.8103292278337763,
          -0.02569685710565145,
          -0.5854111495805387
        ]
      ],
      "t": [
        96.1920338725977,
        37.527542871617285,
        276.0646063639086
      ]
    },
    {
      "frame": 1069,
      "R": [
        [
          0.5844178897228314,
          0.04445043018575826,
          -0.8102344657123723
        ],
        [
          0.04689499456550075,
          -0.9986798209399714,
          -0.020963652639918545
        ],
        [
          -0.8100966545151348,
          -0.02574440722966028,
          -0.5857308561445087
        ]
      ],
      "t": [
        96.08868285353071,
        37.49456906706967,
        276.08430295612004
      ]
    },
    {
      "frame": 1070,
      "R": [
        [
          0.5842679140825366,
          0.04409797187006002,
          -0.8103618780832357
        ],
        [
          0.04691139341026008,
          -0.9986881971957211,
          -0.020523302616009372
        ],
        [
          -0.8102038791205267,
          -0.026024097657899425,
          -0.585570167101384
        ]
      ],
      "t": [
        96.15578256416583,
        37.39034633798329,
        276.053970012673
      ]
    },
    {
      "frame": 1071,
      "R": [
        [
          0.5843427472431084,
          0.0449085753762448,
          -0.8102633976689635
        ],
        [
          0.04715435416165488,
          -0.9986595568540524,
          -0.021343766951147765
        ],
        [
          -0.8101358038180845,
          -0.02573537180115776,
          -0.585677103880869
        ]
      ],
      "t": [
        96.08352740944675,
        37.551512053470965,
        276.034129982819
      ]
    },
    {
      "frame": 1072,
      "R": [
        [
          0.5851935677530349,
          0.04445802169814838,
          -0.8096739915343465
        ],
        [
          0.04648539688265778,
          -0.9986931445639604,
          -0.021239370932552386
        ],
        [
          -0.8095601250908643,
          -0.025208873589189527,
          -0.5864954531411378
        ]
      ],
      "t": [
        95.81559401584879,
        37.64568026453082,
        276.08741837754957
      ]
    },
    {
      "frame": 1073,
      "R": [
        [
          0.5855187851734125,
          0.04487927886625012,
          -0.8094155932137065
        ],
        [
          0.04653980936314379,
          -0.9986805517588665,
          -0.02170718044906453
        ],
        [
          -0.8093218138376681,
          -0.024960085477645524,
          -0.5868348965249556
        ]
      ],
      "t": [
        95.67963335377104,
        37.757578624559365,
        276.0901756739363
      ]
    },
    {
      "frame": 1074,
      "R": [
        [
          0.5856371962463929,
          0.044410885247826555,
          -0.8093557608642618
        ],
        [
          0.046002473090416336,
          -0.9987096185816524,
          -0.02151441893372667
        ],
        [
          -0.8092668576200492,
          -0.024632722626513573,
          -0.5869245114439983
        ]
      ],
      "t": [
        95.66155474043514,
        37.812542815649635,
        276.0606315260659
      ]
    },
    {
      "frame": 1075,
      "R": [
        [
          0.5857267498286272,
          0.04446931298910358,
          -0.8092877453276243
        ],
        [
          0.04581180942583842,
          -0.9987139009217448,
          -0.021721469167652316
        ],
        [
          -0.8092128599153149,
          -0.024352090422544277,
          -0.5870106668875181
        ]
      ],
      "t": [
        95.62610518643443,
        37.9061265039573,
        276.03186434927864
      ]
    },
    {
      "frame": 1076,
      "R": [
        [
          0.5857993221013906,
          0.044662420829662056,
          -0.8092245809360868
        ],
        [
          0.045041120788439276,
          -0.9987313532575779,
          -0.022516248764139213
        ],
        [
          -0.8092035909854037,
          -0.023258378832617416,
          -0.5870677951909864
        ]
      ],
      "t": [
        95.59127337941868,
        38.23660686311827,
        275.96778191074594
      ]
    },
    {
      "frame": 1077,
      "R": [
        [
          0.5861084750955392,
          0.044511003671725884,
          -0.809009039488013
        ],
        [
          0.04479424424681416,
          -0.9987428766616784,
          -0.022497599870032536
        ],
        [
          -0.8089934060939795,
          -0.023052914559572407,
          -0.5873655012228506
        ]
      ],
      "t": [
        95.49547629759844,
        38.28226029532936,
        275.96209667883846
      ]
    },
    {
      "frame": 1078,
      "R": [
        [
          0.5866277582669823,
          0.04473800874721219,
          -0.8086200490984556
        ],
        [
          0.04507251454003062,
          -0.9987290085530779,
          -0.022557391418880232
        ],
        [
          -0.8086014727068541,
          -0.02321374695994185,
          -0.5878986139534489
        ]
      ],
      "t": [
        95.30748549176627,
        38.255960273109515,
        275.99919526086666
      ]
    },
    {
      "frame": 1079,
      "R": [
        [
          0.5866542731538806,
          0.04349187612232111,
          -0.8086687953059973
        ],
        [
          0.04412299398125721,
          -0.9987902373902592,
          -0.021707673667154263
        ],
        [
          -0.8086346054878077,
          -0.022945988871050822,
          -0.587863552537753
        ]
      ],
      "t": [
        95.36517041953554,
        38.215566214782804,
        275.95662328497843
      ]
    },
    {
      "frame": 1080,
      "R": [
        [
          0.586736904899543,
          0.04344611611933687,
          -0.8086113030517506
        ],
        [
          0.04418522903232934,
          -0.9987897555854715,
          -0.02160300147838297
        ],
        [
          -0.8085712522494634,
